14.8438 188.598
14.875 188.591
14.9062 188.582
14.9375 188.58
14.9688 188.57
15 188.566
15.0312 188.578
15.0625 188.588
15.0938 188.595
15.125 188.596
15.1562 188.605
15.1875 188.605
15.2188 188.61
15.25 188.614
15.2812 188.614
15.3125 188.621
15.3438 188.618
15.375 188.616
15.4062 188.607
15.4375 188.605
15.4688 188.601
15.5 188.596
15.5312 188.607
15.5625 188.615
15.5938 188.615
15.625 188.624
15.6562 188.617
15.6875 188.63
15.7188 188.627
15.75 188.62
15.7812 188.627
15.8125 188.624
15.8438 188.618
15.875 188.615
15.9062 188.601
15.9375 188.595
15.9688 188.588
16 188.579
16.0312 188.577
16.0625 188.577
16.0938 188.578
16.125 188.575
16.1562 188.58
16.1875 188.579
16.2188 188.583
16.25 188.585
16.2812 188.591
16.3125 188.583
16.3438 188.579
16.375 188.585
16.4062 188.592
16.4375 188.599
16.4688 188.598
16.5 188.6
16.5312 188.59
16.5625 188.591
16.5938 188.586
16.625 188.58
16.6562 188.589
16.6875 188.585
16.7188 188.589
16.75 188.591
16.7812 188.588
16.8125 188.588
16.8438 188.582
16.875 188.581
16.9062 188.582
16.9375 188.588
16.9688 188.583
17 188.589
17.0312 188.576
17.0625 188.576
17.0938 188.577
17.125 188.572
17.1562 188.577
17.1875 188.579
17.2188 188.576
17.25 188.577
17.2812 188.581
17.3125 188.582
17.3438 188.582
17.375 188.576
17.4062 188.579
17.4375 188.581
17.4688 188.582
17.5 188.587
17.5312 188.577
17.5625 188.579
17.5938 188.573
17.625 188.573
17.6562 188.576
17.6875 188.579
17.7188 188.577
17.75 188.584
17.7812 188.578
17.8125 188.575
17.8438 188.578
17.875 188.578
17.9062 188.58
17.9375 188.577
17.9688 188.583
18 188.587
18.0312 188.579
18.0625 188.575
18.0938 188.574
18.125 188.57
18.1562 188.579
18.1875 188.577
18.2188 188.583
18.25 188.588
18.2812 188.583
18.3125 188.579
18.3438 188.575
18.375 188.575
18.4062 188.579
18.4375 188.578
18.4688 188.584
18.5 188.591
18.5312 188.582
18.5625 188.576
18.5938 188.575
18.625 188.572
18.6562 188.582
18.6875 188.582
18.7188 188.584
18.75 188.586
18.7812 188.593
18.8125 188.593
18.8438 188.589
18.875 188.593
18.9062 188.593
18.9375 188.593
18.9688 188.601
19 188.603
19.0312 188.589
19.0625 188.59
19.0938 188.587
19.125 188.585
19.1562 188.586
19.1875 188.583
19.2188 188.588
19.25 188.588
19.2812 188.591
19.3125 188.588
19.3438 188.583
19.375 188.58
19.4062 188.587
19.4375 188.581
19.4688 188.58
19.5 188.585
19.5312 188.579
19.5625 188.578
19.5938 188.576
19.625 188.571
19.6562 188.57
19.6875 188.58
19.7188 188.581
19.75 188.582
19.7812 188.583
19.8125 188.581
19.8438 188.58
19.875 188.573
19.9062 188.579
19.9375 188.58
19.9688 188.587
20 188.58
20.0312 188.586
20.0625 188.586
20.0938 188.581
20.125 188.577
20.1562 188.573
20.1875 188.562
20.2188 188.557
20.25 188.548
20.2812 188.555
20.3125 188.563
20.3438 188.566
20.375 188.573
20.4062 188.568
20.4375 188.577
20.4688 188.581
20.5 188.58
20.5312 188.584
20.5625 188.58
20.5938 188.582
20.625 188.576
20.6562 188.57
20.6875 188.568
20.7188 188.557
20.75 188.555
20.7812 188.558
20.8125 188.562
20.8438 188.569
20.875 188.573
20.9062 188.576
20.9375 188.574
20.9688 188.578
21 188.579
21.0312 188.58
21.0625 188.577
21.0938 188.577
21.125 188.58
21.1562 188.571
21.1875 188.57
21.2188 188.566
21.25 188.562
21.2812 188.562
21.3125 188.573
21.3438 188.577
21.375 188.585
21.4062 188.582
21.4375 188.583
21.4688 188.593
21.5 188.6
21.5312 188.597
21.5625 188.595
21.5938 188.59
21.625 188.594
21.6562 188.582
21.6875 188.568
21.7188 188.564
21.75 188.559
21.7812 188.566
21.8125 188.57
21.8438 188.571
21.875 188.582
21.9062 188.578
21.9375 188.576
21.9688 188.579
22 188.584
22.0312 188.586
22.0625 188.583
22.0938 188.576
22.125 188.579
22.1562 188.572
22.1875 188.565
22.2188 188.556
22.25 188.551
22.2812 188.556
22.3125 188.56
22.3438 188.566
22.375 188.577
22.4062 188.578
22.4375 188.573
22.4688 188.58
22.5 188.58
22.5312 188.587
22.5625 188.582
22.5938 188.581
22.625 188.58
22.6562 188.57
22.6875 188.563
22.7188 188.562
22.75 188.558
22.7812 188.556
22.8125 188.563
22.8438 188.571
22.875 188.571
22.9062 188.576
22.9375 188.577
22.9688 188.584
23 188.584
23.0312 188.581
23.0625 188.584
23.0938 188.582
23.125 188.579
23.1562 188.57
23.1875 188.567
23.2188 188.559
23.25 188.553
23.2812 188.559
23.3125 188.559
23.3438 188.564
23.375 188.572
23.4062 188.57
23.4375 188.577
23.4688 188.579
23.5 188.581
23.5312 188.58
23.5625 188.579
23.5938 188.581
23.625 188.577
23.6562 188.573
23.6875 188.568
23.7188 188.564
23.75 188.559
23.7812 188.565
23.8125 188.563
23.8438 188.575
23.875 188.583
23.9062 188.593
23.9375 188.59
23.9688 188.592
24 188.595
24.0312 188.599
24.0625 188.59
24.0938 188.588
24.125 188.584
24.1562 188.586
24.1875 188.586
24.2188 188.591
24.25 188.589
24.2812 188.587
24.3125 188.582
24.3438 188.582
24.375 188.573
24.4062 188.578
24.4375 188.585
24.4688 188.584
24.5 188.584
24.5312 188.584
24.5625 188.576
24.5938 188.579
24.625 188.575
24.6562 188.58
24.6875 188.577
24.7188 188.582
24.75 188.582
24.7812 188.583
24.8125 188.576
24.8438 188.579
24.875 188.574
24.9062 188.576
24.9375 188.575
24.9688 188.582
25 188.579
25.0312 188.579
25.0625 188.573
25.0938 188.576
25.125 188.576
25.1562 188.576
25.1875 188.577
25.2188 188.579
25.25 188.582
25.2812 188.581
25.3125 188.576
25.3438 188.573
25.375 188.575
25.4062 188.578
25.4375 188.579
25.4688 188.581
25.5 188.584
25.5312 188.581
25.5625 188.577
25.5938 188.578
25.625 188.577
25.6562 188.576
25.6875 188.575
25.7188 188.582
25.75 188.582
25.7812 188.579
25.8125 188.579
25.8438 188.58
25.875 188.575
25.9062 188.58
25.9375 188.581
25.9688 188.579
26 188.591
26.0312 188.585
26.0625 188.581
26.0938 188.581
26.125 188.58
26.1562 188.586
26.1875 188.585
26.2188 188.586
26.25 188.588
26.2812 188.592
26.3125 188.592
26.3438 188.589
26.375 188.587
26.4062 188.588
26.4375 188.593
26.4688 188.593
26.5 188.596
26.5312 188.591
26.5625 188.591
26.5938 188.586
26.625 188.588
26.6562 188.584
26.6875 188.587
26.7188 188.59
26.75 188.594
26.7812 188.588
26.8125 188.582
26.8438 188.582
26.875 188.577
26.9062 188.577
26.9375 188.579
26.9688 188.58
27 188.582
27.0312 188.579
27.0625 188.577
27.0938 188.573
27.125 188.574
27.1562 188.576
27.1875 188.577
27.2188 188.582
27.25 188.582
27.2812 188.579
27.3125 188.577
27.3438 188.575
27.375 188.579
27.4062 188.58
27.4375 188.577
27.4688 188.581
27.5 188.579
27.5312 188.58
27.5625 188.578
27.5938 188.58
27.625 188.572
27.6562 188.577
27.6875 188.575
27.7188 188.579
27.75 188.582
27.7812 188.584
27.8125 188.578
27.8438 188.575
27.875 188.577
27.9062 188.575
27.9375 188.58
27.9688 188.577
28 188.581
28.0312 188.588
28.0625 188.594
28.0938 188.599
28.125 188.606
28.1562 188.606
28.1875 188.607
28.2188 188.611
28.25 188.614
28.2812 188.609
28.3125 188.608
28.3438 188.61
28.375 188.602
28.4062 188.601
28.4375 188.592
28.4688 188.588
28.5 188.581
28.5312 188.584
28.5625 188.596
28.5938 188.604
28.625 188.607
28.6562 188.611
28.6875 188.616
28.7188 188.618
28.75 188.622
28.7812 188.624
28.8125 188.621
28.8438 188.62
28.875 188.618
28.9062 188.614
28.9375 188.605
28.9688 188.605
29 188.596
29.0312 188.602
29.0625 188.602
29.0938 188.612
29.125 188.619
29.1562 188.62
29.1875 188.617
29.2188 188.62
29.25 188.618
29.2812 188.616
29.3125 188.617
29.3438 188.61
29.375 188.609
29.4062 188.6
29.4375 188.598
29.4688 188.589
29.5 188.579
29.5312 188.587
29.5625 188.592
29.5938 188.603
29.625 188.609
29.6562 188.611
29.6875 188.613
29.7188 188.611
29.75 188.612
29.7812 188.615
29.8125 188.609
29.8438 188.608
29.875 188.609
29.9062 188.602
29.9375 188.597
29.9688 188.591
30 188.584
30.0312 188.587
30.0625 188.595
30.0938 188.599
30.125 188.604
30.1562 188.605
30.1875 188.608
30.2188 188.61
30.25 188.616
30.2812 188.611
30.3125 188.611
30.3438 188.611
30.375 188.609
30.4062 188.601
30.4375 188.596
30.4688 188.588
30.5 188.583
30.5312 188.586
30.5625 188.596
30.5938 188.598
30.625 188.611
30.6562 188.611
30.6875 188.614
30.7188 188.615
30.75 188.618
30.7812 188.612
30.8125 188.607
30.8438 188.609
30.875 188.602
30.9062 188.603
30.9375 188.594
30.9688 188.591
31 188.586
31.0312 188.589
31.0625 188.597
31.0938 188.606
31.125 188.614
31.1562 188.616
31.1875 188.613
31.2188 188.618
31.25 188.618
31.2812 188.62
31.3125 188.62
31.3438 188.619
31.375 188.619
31.4062 188.61
31.4375 188.61
31.4688 188.602
31.5 188.601
31.5312 188.601
31.5625 188.608
31.5938 188.614
31.625 188.622
31.6562 188.621
31.6875 188.62
31.7188 188.623
31.75 188.621
31.7812 188.617
31.8125 188.613
31.8438 188.616
31.875 188.61
31.9062 188.6
31.9375 188.598
31.9688 188.588
32 188.583
32.0312 188.58
32.0625 188.581
32.0938 188.584
32.125 188.583
32.1562 188.586
32.1875 188.587
32.2188 188.582
32.25 188.584
32.2812 188.583
32.3125 188.58
32.3438 188.582
32.375 188.584
32.4062 188.579
32.4375 188.578
32.4688 188.585
32.5 188.588
32.5312 188.585
32.5625 188.588
32.5938 188.584
32.625 188.583
32.6562 188.584
32.6875 188.583
32.7188 188.588
32.75 188.584
32.7812 188.576
32.8125 188.584
32.8438 188.58
32.875 188.588
32.9062 188.583
32.9375 188.584
32.9688 188.585
33 188.583
33.0312 188.584
33.0625 188.584
33.0938 188.582
33.125 188.582
33.1562 188.583
33.1875 188.586
33.2188 188.585
33.25 188.581
33.2812 188.582
33.3125 188.586
33.3438 188.579
33.375 188.579
33.4062 188.584
33.4375 188.582
33.4688 188.584
33.5 188.588
33.5312 188.586
33.5625 188.584
33.5938 188.587
33.625 188.583
33.6562 188.582
33.6875 188.581
33.7188 188.583
33.75 188.586
33.7812 188.582
33.8125 188.583
33.8438 188.584
33.875 188.586
33.9062 188.586
33.9375 188.582
33.9688 188.581
34 188.588
34.0312 188.58
34.0625 188.587
34.0938 188.58
34.125 188.578
34.1562 188.583
34.1875 188.586
34.2188 188.586
34.25 188.585
34.2812 188.586
34.3125 188.587
34.3438 188.586
34.375 188.582
34.4062 188.584
34.4375 188.584
34.4688 188.581
34.5 188.583
34.5312 188.582
34.5625 188.584
34.5938 188.58
34.625 188.583
34.6562 188.583
34.6875 188.582
34.7188 188.587
34.75 188.583
34.7812 188.583
34.8125 188.588
34.8438 188.583
34.875 188.583
34.9062 188.578
34.9375 188.588
34.9688 188.581
35 188.582
35.0312 188.581
35.0625 188.581
35.0938 188.58
35.125 188.581
35.1562 188.579
35.1875 188.585
35.2188 188.584
35.25 188.584
35.2812 188.582
35.3125 188.584
35.3438 188.584
35.375 188.584
35.4062 188.584
35.4375 188.586
35.4688 188.582
35.5 188.584
35.5312 188.582
35.5625 188.584
35.5938 188.586
35.625 188.583
35.6562 188.583
35.6875 188.583
35.7188 188.584
35.75 188.588
35.7812 188.584
35.8125 188.581
35.8438 188.584
35.875 188.585
35.9062 188.583
35.9375 188.583
35.9688 188.583
36 188.583
36.0312 188.584
36.0625 188.587
36.0938 188.584
36.125 188.583
36.1562 188.586
36.1875 188.586
36.2188 188.585
36.25 188.582
36.2812 188.586
36.3125 188.583
36.3438 188.586
36.375 188.583
36.4062 188.586
36.4375 188.587
36.4688 188.582
36.5 188.58
36.5312 188.588
36.5625 188.585
36.5938 188.58
36.625 188.581
36.6562 188.583
36.6875 188.587
36.7188 188.584
36.75 188.582
36.7812 188.586
36.8125 188.586
36.8438 188.583
36.875 188.585
36.9062 188.582
36.9375 188.581
36.9688 188.584
37 188.586
37.0312 188.588
37.0625 188.583
37.0938 188.584
37.125 188.583
37.1562 188.589
37.1875 188.585
37.2188 188.586
37.25 188.582
37.2812 188.584
37.3125 188.583
37.3438 188.584
37.375 188.585
37.4062 188.583
37.4375 188.584
37.4688 188.587
37.5 188.586
37.5312 188.586
37.5625 188.581
37.5938 188.586
37.625 188.586
37.6562 188.582
37.6875 188.585
37.7188 188.589
37.75 188.584
37.7812 188.583
37.8125 188.585
37.8438 188.584
37.875 188.582
37.9062 188.585
37.9375 188.586
37.9688 188.585
38 188.586
38.0312 188.583
38.0625 188.582
38.0938 188.591
38.125 188.581
38.1562 188.58
38.1875 188.588
38.2188 188.583
38.25 188.58
38.2812 188.583
38.3125 188.584
38.3438 188.588
38.375 188.584
38.4062 188.586
38.4375 188.582
38.4688 188.581
38.5 188.586
38.5312 188.579
38.5625 188.587
38.5938 188.58
38.625 188.586
38.6562 188.586
38.6875 188.585
38.7188 188.579
38.75 188.585
38.7812 188.586
38.8125 188.582
38.8438 188.584
38.875 188.586
38.9062 188.584
38.9375 188.583
38.9688 188.586
39 188.584
39.0312 188.584
39.0625 188.579
39.0938 188.585
39.125 188.58
39.1562 188.587
39.1875 188.579
39.2188 188.583
39.25 188.589
39.2812 188.582
39.3125 188.589
39.3438 188.587
39.375 188.582
39.4062 188.578
39.4375 188.586
39.4688 188.583
39.5 188.582
39.5312 188.582
39.5625 188.583
39.5938 188.585
39.625 188.583
39.6562 188.587
39.6875 188.585
39.7188 188.583
39.75 188.586
39.7812 188.587
39.8125 188.584
39.8438 188.586
39.875 188.587
39.9062 188.584
39.9375 188.582
39.9688 188.587
40 188.582
40.0312 188.582
40.0625 188.582
40.0938 188.583
40.125 188.583
40.1562 188.588
40.1875 188.586
40.2188 188.581
40.25 188.582
40.2812 188.581
40.3125 188.581
40.3438 188.583
40.375 188.586
40.4062 188.586
40.4375 188.58
40.4688 188.583
40.5 188.584
40.5312 188.582
40.5625 188.583
40.5938 188.585
40.625 188.588
40.6562 188.585
40.6875 188.586
40.7188 188.584
40.75 188.582
40.7812 188.585
40.8125 188.584
40.8438 188.584
40.875 188.585
40.9062 188.584
40.9375 188.582
40.9688 188.583
41 188.583
41.0312 188.581
41.0625 188.583
41.0938 188.583
41.125 188.588
41.1562 188.589
41.1875 188.579
41.2188 188.585
41.25 188.587
41.2812 188.583
41.3125 188.58
41.3438 188.587
41.375 188.583
41.4062 188.584
41.4375 188.584
41.4688 188.581
41.5 188.583
41.5312 188.587
41.5625 188.586
41.5938 188.588
41.625 188.586
41.6562 188.587
41.6875 188.586
41.7188 188.588
41.75 188.581
41.7812 188.587
41.8125 188.582
41.8438 188.582
41.875 188.584
41.9062 188.586
41.9375 188.581
41.9688 188.584
42 188.585
42.0312 188.586
42.0625 188.584
42.0938 188.582
42.125 188.583
42.1562 188.586
42.1875 188.584
42.2188 188.587
42.25 188.586
42.2812 188.584
42.3125 188.584
42.3438 188.584
42.375 188.586
42.4062 188.586
42.4375 188.585
42.4688 188.582
42.5 188.585
42.5312 188.585
42.5625 188.588
42.5938 188.584
42.625 188.585
42.6562 188.582
42.6875 188.583
42.7188 188.588
42.75 188.584
42.7812 188.584
42.8125 188.585
42.8438 188.586
42.875 188.585
42.9062 188.583
42.9375 188.584
42.9688 188.579
43 188.588
43.0312 188.583
43.0625 188.581
43.0938 188.586
43.125 188.585
43.1562 188.588
43.1875 188.584
43.2188 188.582
43.25 188.585
43.2812 188.583
43.3125 188.586
43.3438 188.582
43.375 188.584
43.4062 188.583
43.4375 188.584
43.4688 188.587
43.5 188.586
43.5312 188.58
43.5625 188.58
43.5938 188.582
43.625 188.583
43.6562 188.582
43.6875 188.586
43.7188 188.583
43.75 188.582
43.7812 188.587
43.8125 188.583
43.8438 188.587
43.875 188.59
43.9062 188.586
43.9375 188.586
43.9688 188.584
44 188.587
44.0312 188.585
44.0625 188.588
44.0938 188.587
44.125 188.585
44.1562 188.582
44.1875 188.588
44.2188 188.58
44.25 188.585
44.2812 188.581
44.3125 188.58
44.3438 188.582
44.375 188.581
44.4062 188.581
44.4375 188.584
44.4688 188.584
44.5 188.58
44.5312 188.583
44.5625 188.583
44.5938 188.582
44.625 188.586
44.6562 188.586
44.6875 188.588
44.7188 188.582
44.75 188.584
44.7812 188.587
44.8125 188.584
44.8438 188.581
44.875 188.583
44.9062 188.583
44.9375 188.584
44.9688 188.584
45 188.59
45.0312 188.586
45.0625 188.586
45.0938 188.584
45.125 188.582
45.1562 188.584
45.1875 188.584
45.2188 188.582
45.25 188.586
45.2812 188.583
45.3125 188.583
45.3438 188.584
45.375 188.58
45.4062 188.584
45.4375 188.587
45.4688 188.583
45.5 188.582
45.5312 188.585
45.5625 188.582
45.5938 188.584
45.625 188.582
45.6562 188.589
45.6875 188.583
45.7188 188.585
45.75 188.584
45.7812 188.584
45.8125 188.586
45.8438 188.58
45.875 188.586
45.9062 188.584
45.9375 188.585
45.9688 188.582
46 188.584
46.0312 188.579
46.0625 188.584
46.0938 188.586
46.125 188.584
46.1562 188.585
46.1875 188.581
46.2188 188.587
46.25 188.577
46.2812 188.579
46.3125 188.588
46.3438 188.586
46.375 188.586
46.4062 188.585
46.4375 188.583
46.4688 188.582
46.5 188.584
46.5312 188.586
46.5625 188.585
46.5938 188.583
46.625 188.584
46.6562 188.586
46.6875 188.585
46.7188 188.583
46.75 188.585
46.7812 188.584
46.8125 188.583
46.8438 188.587
46.875 188.581
46.9062 188.582
46.9375 188.585
46.9688 188.583
47 188.585
47.0312 188.587
47.0625 188.581
47.0938 188.586
47.125 188.584
47.1562 188.582
47.1875 188.584
47.2188 188.579
47.25 188.586
47.2812 188.587
47.3125 188.582
47.3438 188.585
47.375 188.587
47.4062 188.585
47.4375 188.582
47.4688 188.58
47.5 188.578
47.5312 188.584
47.5625 188.584
47.5938 188.583
47.625 188.583
47.6562 188.585
47.6875 188.58
47.7188 188.585
47.75 188.583
47.7812 188.582
47.8125 188.583
47.8438 188.587
47.875 188.583
47.9062 188.585
47.9375 188.581
47.9688 188.582
48 188.584
48.0312 188.584
48.0625 188.584
48.0938 188.586
48.125 188.586
48.1562 188.582
48.1875 188.586
48.2188 188.587
48.25 188.582
48.2812 188.585
48.3125 188.582
48.3438 188.579
48.375 188.582
48.4062 188.584
48.4375 188.586
48.4688 188.579
48.5 188.583
48.5312 188.581
48.5625 188.583
48.5938 188.584
48.625 188.581
48.6562 188.586
48.6875 188.585
48.7188 188.581
48.75 188.576
48.7812 188.586
48.8125 188.588
48.8438 188.586
48.875 188.582
48.9062 188.583
48.9375 188.584
48.9688 188.585
49 188.586
49.0312 188.583
49.0625 188.587
49.0938 188.584
49.125 188.582
49.1562 188.584
49.1875 188.58
49.2188 188.586
49.25 188.581
49.2812 188.582
49.3125 188.582
49.3438 188.586
49.375 188.586
49.4062 188.585
49.4375 188.586
49.4688 188.582
49.5 188.579
49.5312 188.585
49.5625 188.586
49.5938 188.581
49.625 188.587
49.6562 188.583
49.6875 188.586
49.7188 188.587
49.75 188.582
49.7812 188.581
49.8125 188.587
49.8438 188.582
49.875 188.579
49.9062 188.581
49.9375 188.585
49.9688 188.582
50 188.582
50.0312 188.579
50.0625 188.585
50.0938 188.585
50.125 188.586
50.1562 188.585
50.1875 188.586
50.2188 188.584
50.25 188.584
50.2812 188.582
50.3125 188.586
50.3438 188.583
50.375 188.585
50.4062 188.582
50.4375 188.583
50.4688 188.582
50.5 188.582
50.5312 188.586
50.5625 188.582
50.5938 188.581
50.625 188.58
50.6562 188.577
50.6875 188.584
50.7188 188.584
50.75 188.587
50.7812 188.581
50.8125 188.584
50.8438 188.586
50.875 188.582
50.9062 188.584
50.9375 188.583
50.9688 188.582
51 188.583
51.0312 188.583
51.0625 188.588
51.0938 188.582
51.125 188.582
51.1562 188.585
51.1875 188.585
51.2188 188.584
51.25 188.583
51.2812 188.586
51.3125 188.582
51.3438 188.579
51.375 188.582
51.4062 188.583
51.4375 188.58
51.4688 188.582
51.5 188.585
51.5312 188.585
51.5625 188.583
51.5938 188.584
51.625 188.584
51.6562 188.581
51.6875 188.583
51.7188 188.588
51.75 188.585
51.7812 188.585
51.8125 188.581
51.8438 188.582
51.875 188.58
51.9062 188.588
51.9375 188.589
51.9688 188.585
52 188.582
52.0312 188.588
52.0625 188.577
52.0938 188.583
52.125 188.586
52.1562 188.584
52.1875 188.582
52.2188 188.587
52.25 188.588
52.2812 188.586
52.3125 188.588
52.3438 188.588
52.375 188.582
52.4062 188.58
52.4375 188.585
52.4688 188.587
52.5 188.584
52.5312 188.584
52.5625 188.584
52.5938 188.584
52.625 188.58
52.6562 188.58
52.6875 188.587
52.7188 188.585
52.75 188.585
52.7812 188.583
52.8125 188.589
52.8438 188.586
52.875 188.584
52.9062 188.58
52.9375 188.584
52.9688 188.585
53 188.583
53.0312 188.58
53.0625 188.58
53.0938 188.582
53.125 188.583
53.1562 188.583
53.1875 188.585
53.2188 188.585
53.25 188.586
53.2812 188.583
53.3125 188.588
53.3438 188.585
53.375 188.584
53.4062 188.589
53.4375 188.582
53.4688 188.583
53.5 188.585
53.5312 188.585
53.5625 188.587
53.5938 188.584
53.625 188.585
53.6562 188.58
53.6875 188.584
53.7188 188.585
53.75 188.584
53.7812 188.584
53.8125 188.582
53.8438 188.584
53.875 188.584
53.9062 188.58
53.9375 188.585
53.9688 188.584
54 188.582
54.0312 188.582
54.0625 188.581
54.0938 188.584
54.125 188.583
54.1562 188.583
54.1875 188.582
54.2188 188.586
54.25 188.581
54.2812 188.585
54.3125 188.581
54.3438 188.585
54.375 188.584
54.4062 188.586
54.4375 188.585
54.4688 188.586
54.5 188.588
54.5312 188.579
54.5625 188.582
54.5938 188.587
54.625 188.585
54.6562 188.583
54.6875 188.585
54.7188 188.582
54.75 188.585
54.7812 188.586
54.8125 188.587
54.8438 188.583
54.875 188.583
54.9062 188.582
54.9375 188.585
54.9688 188.582
55 188.58
55.0312 188.584
55.0625 188.586
55.0938 188.586
55.125 188.587
55.1562 188.583
55.1875 188.585
55.2188 188.585
55.25 188.582
55.2812 188.584
55.3125 188.582
55.3438 188.586
55.375 188.584
55.4062 188.582
55.4375 188.583
55.4688 188.583
55.5 188.583
55.5312 188.586
55.5625 188.583
55.5938 188.584
55.625 188.586
55.6562 188.585
55.6875 188.584
55.7188 188.586
55.75 188.581
55.7812 188.585
55.8125 188.586
55.8438 188.583
55.875 188.588
55.9062 188.582
55.9375 188.581
55.9688 188.582
56 188.586
56.0312 188.587
56.0625 188.583
56.0938 188.588
56.125 188.586
56.1562 188.584
56.1875 188.587
56.2188 188.586
56.25 188.586
56.2812 188.584
56.3125 188.58
56.3438 188.586
56.375 188.584
56.4062 188.582
56.4375 188.583
56.4688 188.589
56.5 188.583
56.5312 188.585
56.5625 188.584
56.5938 188.584
56.625 188.584
56.6562 188.585
56.6875 188.584
56.7188 188.585
56.75 188.582
56.7812 188.583
56.8125 188.584
56.8438 188.583
56.875 188.584
56.9062 188.585
56.9375 188.587
56.9688 188.583
57 188.588
57.0312 188.584
57.0625 188.583
57.0938 188.583
57.125 188.586
57.1562 188.588
57.1875 188.581
57.2188 188.587
57.25 188.586
57.2812 188.584
57.3125 188.584
57.3438 188.586
57.375 188.586
57.4062 188.584
57.4375 188.584
57.4688 188.584
57.5 188.584
57.5312 188.586
57.5625 188.582
57.5938 188.584
57.625 188.582
57.6562 188.584
57.6875 188.585
57.7188 188.584
57.75 188.582
57.7812 188.583
57.8125 188.582
57.8438 188.584
57.875 188.586
57.9062 188.577
57.9375 188.584
57.9688 188.584
58 188.58
58.0312 188.584
58.0625 188.583
58.0938 188.581
58.125 188.58
58.1562 188.582
58.1875 188.581
58.2188 188.581
58.25 188.582
58.2812 188.584
58.3125 188.586
58.3438 188.585
58.375 188.584
58.4062 188.586
58.4375 188.586
58.4688 188.583
58.5 188.583
58.5312 188.588
58.5625 188.589
58.5938 188.582
58.625 188.589
58.6562 188.586
58.6875 188.584
58.7188 188.586
58.75 188.587
58.7812 188.587
58.8125 188.586
58.8438 188.586
58.875 188.583
58.9062 188.583
58.9375 188.585
58.9688 188.579
59 188.584
59.0312 188.581
59.0625 188.582
59.0938 188.584
59.125 188.586
59.1562 188.584
59.1875 188.581
59.2188 188.583
59.25 188.582
59.2812 188.583
59.3125 188.586
59.3438 188.586
59.375 188.586
59.4062 188.585
59.4375 188.58
59.4688 188.59
59.5 188.585
59.5312 188.588
59.5625 188.586
59.5938 188.586
59.625 188.585
59.6562 188.585
59.6875 188.588
59.7188 188.587
59.75 188.58
59.7812 188.583
59.8125 188.582
59.8438 188.582
59.875 188.577
59.9062 188.586
59.9375 188.581
59.9688 188.585
60 188.586
60.0312 188.586
60.0625 188.584
60.0938 188.584
60.125 188.582
60.1562 188.585
60.1875 188.582
60.2188 188.584
60.25 188.588
60.2812 188.584
60.3125 188.586
60.3438 188.584
60.375 188.58
60.4062 188.586
60.4375 188.584
60.4688 188.585
60.5 188.585
60.5312 188.582
60.5625 188.582
60.5938 188.586
60.625 188.581
60.6562 188.58
60.6875 188.586
60.7188 188.584
60.75 188.579
60.7812 188.583
60.8125 188.584
60.8438 188.586
60.875 188.582
60.9062 188.581
60.9375 188.587
60.9688 188.582
61 188.586
61.0312 188.585
61.0625 188.585
61.0938 188.588
61.125 188.585
61.1562 188.586
61.1875 188.583
61.2188 188.581
61.25 188.589
61.2812 188.586
61.3125 188.58
61.3438 188.582
61.375 188.589
61.4062 188.584
61.4375 188.584
61.4688 188.588
61.5 188.589
61.5312 188.581
61.5625 188.587
61.5938 188.584
61.625 188.587
61.6562 188.585
61.6875 188.582
61.7188 188.584
61.75 188.58
61.7812 188.584
61.8125 188.583
61.8438 188.584
61.875 188.583
61.9062 188.586
61.9375 188.585
61.9688 188.582
62 188.587
62.0312 188.586
62.0625 188.585
62.0938 188.582
62.125 188.582
62.1562 188.586
62.1875 188.586
62.2188 188.582
62.25 188.582
62.2812 188.583
62.3125 188.589
62.3438 188.587
62.375 188.588
62.4062 188.586
62.4375 188.582
62.4688 188.584
62.5 188.584
62.5312 188.586
62.5625 188.585
62.5938 188.58
62.625 188.584
62.6562 188.588
62.6875 188.584
62.7188 188.586
62.75 188.582
62.7812 188.585
62.8125 188.582
62.8438 188.583
62.875 188.583
62.9062 188.583
62.9375 188.587
62.9688 188.586
63 188.582
63.0312 188.587
63.0625 188.586
63.0938 188.581
63.125 188.583
63.1562 188.579
63.1875 188.583
63.2188 188.58
63.25 188.582
63.2812 188.583
63.3125 188.582
63.3438 188.584
63.375 188.587
63.4062 188.585
63.4375 188.581
63.4688 188.581
63.5 188.583
63.5312 188.581
63.5625 188.582
63.5938 188.588
63.625 188.584
63.6562 188.584
63.6875 188.584
63.7188 188.585
63.75 188.586
63.7812 188.584
63.8125 188.581
63.8438 188.583
63.875 188.581
63.9062 188.584
63.9375 188.584
63.9688 188.582
64 188.579
64.0312 188.584
64.0625 188.586
64.0938 188.58
64.125 188.583
64.1562 188.584
64.1875 188.583
64.2188 188.582
64.25 188.579
64.2812 188.586
64.3125 188.584
64.3438 188.584
64.375 188.584
64.4062 188.586
64.4375 188.584
64.4688 188.587
64.5 188.583
64.5312 188.589
64.5625 188.584
64.5938 188.586
64.625 188.584
64.6562 188.583
64.6875 188.586
64.7188 188.584
64.75 188.585
64.7812 188.581
64.8125 188.587
64.8438 188.586
64.875 188.582
64.9062 188.585
64.9375 188.586
64.9688 188.586
65 188.582
65.0312 188.589
65.0625 188.581
65.0938 188.581
65.125 188.582
65.1562 188.587
65.1875 188.584
65.2188 188.585
65.25 188.584
65.2812 188.588
65.3125 188.583
65.3438 188.58
65.375 188.585
65.4062 188.586
65.4375 188.584
65.4688 188.585
65.5 188.586
65.5312 188.584
65.5625 188.585
65.5938 188.58
65.625 188.583
65.6562 188.583
65.6875 188.581
65.7188 188.585
65.75 188.588
65.7812 188.587
65.8125 188.58
65.8438 188.581
65.875 188.581
65.9062 188.583
65.9375 188.584
65.9688 188.583
66 188.586
66.0312 188.579
66.0625 188.58
66.0938 188.582
66.125 188.585
66.1562 188.584
66.1875 188.582
66.2188 188.581
66.25 188.585
66.2812 188.584
66.3125 188.586
66.3438 188.581
66.375 188.584
66.4062 188.585
66.4375 188.585
66.4688 188.587
66.5 188.582
66.5312 188.586
66.5625 188.584
66.5938 188.585
66.625 188.59
66.6562 188.581
66.6875 188.586
66.7188 188.582
66.75 188.581
66.7812 188.587
66.8125 188.579
66.8438 188.584
66.875 188.581
66.9062 188.586
66.9375 188.586
66.9688 188.584
67 188.587
67.0312 188.582
67.0625 188.585
67.0938 188.584
67.125 188.58
67.1562 188.588
67.1875 188.586
67.2188 188.585
67.25 188.585
67.2812 188.584
67.3125 188.584
67.3438 188.589
67.375 188.582
67.4062 188.584
67.4375 188.583
67.4688 188.583
67.5 188.586
67.5312 188.58
67.5625 188.587
67.5938 188.585
67.625 188.585
67.6562 188.581
67.6875 188.588
67.7188 188.583
67.75 188.585
67.7812 188.584
67.8125 188.58
67.8438 188.584
67.875 188.582
67.9062 188.579
67.9375 188.585
67.9688 188.586
68 188.586
68.0312 188.586
68.0625 188.582
68.0938 188.588
68.125 188.588
68.1562 188.584
68.1875 188.589
68.2188 188.585
68.25 188.588
68.2812 188.584
68.3125 188.583
68.3438 188.58
68.375 188.584
68.4062 188.583
68.4375 188.585
68.4688 188.581
68.5 188.584
68.5312 188.581
68.5625 188.589
68.5938 188.581
68.625 188.586
68.6562 188.585
68.6875 188.581
68.7188 188.582
68.75 188.58
68.7812 188.584
68.8125 188.581
68.8438 188.584
68.875 188.583
68.9062 188.581
68.9375 188.583
68.9688 188.585
69 188.582
69.0312 188.583
69.0625 188.586
69.0938 188.584
69.125 188.577
69.1562 188.586
69.1875 188.586
69.2188 188.583
69.25 188.589
69.2812 188.582
69.3125 188.582
69.3438 188.585
69.375 188.585
69.4062 188.582
69.4375 188.587
69.4688 188.584
69.5 188.584
69.5312 188.583
69.5625 188.583
69.5938 188.585
69.625 188.586
69.6562 188.582
69.6875 188.582
69.7188 188.576
69.75 188.586
69.7812 188.586
69.8125 188.581
69.8438 188.582
69.875 188.585
69.9062 188.584
69.9375 188.582
69.9688 188.586
70 188.582
70.0312 188.585
70.0625 188.582
70.0938 188.584
70.125 188.582
70.1562 188.582
70.1875 188.577
70.2188 188.581
70.25 188.58
70.2812 188.589
70.3125 188.586
70.3438 188.585
70.375 188.582
70.4062 188.584
70.4375 188.587
70.4688 188.586
70.5 188.58
70.5312 188.584
70.5625 188.582
70.5938 188.584
70.625 188.581
70.6562 188.58
70.6875 188.584
70.7188 188.584
70.75 188.579
70.7812 188.585
70.8125 188.581
70.8438 188.584
70.875 188.583
70.9062 188.587
70.9375 188.586
70.9688 188.584
71 188.584
71.0312 188.583
71.0625 188.582
71.0938 188.586
71.125 188.585
71.1562 188.583
71.1875 188.586
71.2188 188.586
71.25 188.587
71.2812 188.58
71.3125 188.581
71.3438 188.586
71.375 188.589
71.4062 188.582
71.4375 188.584
71.4688 188.582
71.5 188.585
71.5312 188.582
71.5625 188.584
71.5938 188.581
71.625 188.586
71.6562 188.582
71.6875 188.579
71.7188 188.581
71.75 188.58
71.7812 188.586
71.8125 188.586
71.8438 188.582
71.875 188.583
71.9062 188.586
71.9375 188.584
71.9688 188.586
72 188.585
72.0312 188.588
72.0625 188.586
72.0938 188.582
72.125 188.582
72.1562 188.589
72.1875 188.588
72.2188 188.584
72.25 188.585
72.2812 188.59
72.3125 188.58
72.3438 188.584
72.375 188.584
72.4062 188.585
72.4375 188.582
72.4688 188.589
72.5 188.581
72.5312 188.587
72.5625 188.586
72.5938 188.583
72.625 188.586
72.6562 188.583
72.6875 188.58
72.7188 188.585
72.75 188.582
72.7812 188.585
72.8125 188.585
72.8438 188.583
72.875 188.582
72.9062 188.579
72.9375 188.585
72.9688 188.585
73 188.585
73.0312 188.589
73.0625 188.588
73.0938 188.586
73.125 188.588
73.1562 188.585
73.1875 188.583
73.2188 188.581
73.25 188.582
73.2812 188.586
73.3125 188.583
73.3438 188.585
73.375 188.586
73.4062 188.587
73.4375 188.586
73.4688 188.59
73.5 188.586
73.5312 188.587
73.5625 188.582
73.5938 188.589
73.625 188.582
73.6562 188.583
73.6875 188.585
73.7188 188.585
73.75 188.581
73.7812 188.585
73.8125 188.586
73.8438 188.583
73.875 188.584
73.9062 188.586
73.9375 188.58
73.9688 188.585
74 188.585
74.0312 188.587
74.0625 188.582
74.0938 188.582
74.125 188.584
74.1562 188.582
74.1875 188.585
74.2188 188.586
74.25 188.585
74.2812 188.585
74.3125 188.582
74.3438 188.582
74.375 188.581
74.4062 188.582
74.4375 188.585
74.4688 188.584
74.5 188.578
74.5312 188.584
74.5625 188.584
74.5938 188.585
74.625 188.585
74.6562 188.581
74.6875 188.585
74.7188 188.581
74.75 188.584
74.7812 188.586
74.8125 188.577
74.8438 188.584
74.875 188.583
74.9062 188.583
74.9375 188.58
74.9688 188.588
75 188.585
75.0312 188.584
75.0625 188.58
75.0938 188.584
75.125 188.582
75.1562 188.58
75.1875 188.588
75.2188 188.584
75.25 188.583
75.2812 188.58
75.3125 188.584
75.3438 188.586
75.375 188.587
75.4062 188.58
75.4375 188.584
75.4688 188.584
75.5 188.587
75.5312 188.587
75.5625 188.585
75.5938 188.582
75.625 188.581
75.6562 188.584
75.6875 188.587
75.7188 188.585
75.75 188.583
75.7812 188.58
75.8125 188.587
75.8438 188.584
75.875 188.587
75.9062 188.585
75.9375 188.584
75.9688 188.584
76 188.58
76.0312 188.582
76.0625 188.586
76.0938 188.587
76.125 188.585
76.1562 188.583
76.1875 188.584
76.2188 188.584
76.25 188.58
76.2812 188.581
76.3125 188.583
76.3438 188.583
76.375 188.586
76.4062 188.582
76.4375 188.585
76.4688 188.583
76.5 188.582
76.5312 188.576
76.5625 188.582
76.5938 188.579
76.625 188.584
76.6562 188.585
76.6875 188.584
76.7188 188.587
76.75 188.584
76.7812 188.581
76.8125 188.585
76.8438 188.584
76.875 188.586
76.9062 188.583
76.9375 188.582
76.9688 188.585
77 188.587
77.0312 188.586
77.0625 188.586
77.0938 188.583
77.125 188.586
77.1562 188.579
77.1875 188.581
77.2188 188.587
77.25 188.584
77.2812 188.581
77.3125 188.583
77.3438 188.584
77.375 188.583
77.4062 188.584
77.4375 188.588
77.4688 188.589
77.5 188.58
77.5312 188.582
77.5625 188.586
77.5938 188.585
77.625 188.584
77.6562 188.584
77.6875 188.584
77.7188 188.582
77.75 188.582
77.7812 188.587
77.8125 188.587
77.8438 188.583
77.875 188.583
77.9062 188.586
77.9375 188.586
77.9688 188.581
78 188.582
78.0312 188.582
78.0625 188.585
78.0938 188.582
78.125 188.584
78.1562 188.584
78.1875 188.582
78.2188 188.584
78.25 188.579
78.2812 188.582
78.3125 188.581
78.3438 188.582
78.375 188.584
78.4062 188.582
78.4375 188.589
78.4688 188.582
78.5 188.58
78.5312 188.586
78.5625 188.586
78.5938 188.587
78.625 188.582
78.6562 188.582
78.6875 188.584
78.7188 188.585
78.75 188.587
78.7812 188.583
78.8125 188.586
78.8438 188.579
78.875 188.586
78.9062 188.584
78.9375 188.583
78.9688 188.584
79 188.584
79.0312 188.586
79.0625 188.583
79.0938 188.586
79.125 188.585
79.1562 188.584
79.1875 188.584
79.2188 188.584
79.25 188.583
79.2812 188.585
79.3125 188.582
79.3438 188.578
79.375 188.582
79.4062 188.582
79.4375 188.581
79.4688 188.582
79.5 188.582
79.5312 188.583
79.5625 188.584
79.5938 188.584
79.625 188.58
79.6562 188.585
79.6875 188.58
79.7188 188.584
79.75 188.582
79.7812 188.584
79.8125 188.584
79.8438 188.584
79.875 188.582
79.9062 188.583
79.9375 188.584
79.9688 188.582
80 188.583
80.0312 188.584
80.0625 188.584
80.0938 188.586
80.125 188.582
80.1562 188.587
80.1875 188.582
80.2188 188.586
80.25 188.58
80.2812 188.583
80.3125 188.584
80.3438 188.582
80.375 188.583
80.4062 188.58
80.4375 188.582
80.4688 188.584
80.5 188.582
80.5312 188.586
80.5625 188.582
80.5938 188.587
80.625 188.588
80.6562 188.581
80.6875 188.585
80.7188 188.586
80.75 188.582
80.7812 188.584
80.8125 188.582
80.8438 188.581
80.875 188.586
80.9062 188.587
80.9375 188.587
80.9688 188.58
81 188.581
81.0312 188.585
81.0625 188.589
81.0938 188.584
81.125 188.582
81.1562 188.584
81.1875 188.582
81.2188 188.586
81.25 188.584
81.2812 188.585
81.3125 188.582
81.3438 188.586
81.375 188.586
81.4062 188.581
81.4375 188.587
81.4688 188.581
81.5 188.584
81.5312 188.579
81.5625 188.586
81.5938 188.587
81.625 188.582
81.6562 188.584
81.6875 188.588
81.7188 188.586
81.75 188.583
81.7812 188.585
81.8125 188.586
81.8438 188.582
81.875 188.581
81.9062 188.582
81.9375 188.584
81.9688 188.581
82 188.582
82.0312 188.582
82.0625 188.584
82.0938 188.58
82.125 188.583
82.1562 188.582
82.1875 188.587
82.2188 188.584
82.25 188.581
82.2812 188.584
82.3125 188.583
82.3438 188.586
82.375 188.585
82.4062 188.583
82.4375 188.584
82.4688 188.579
82.5 188.585
82.5312 188.585
82.5625 188.586
82.5938 188.586
82.625 188.588
82.6562 188.583
82.6875 188.582
82.7188 188.586
82.75 188.583
82.7812 188.584
82.8125 188.584
82.8438 188.58
82.875 188.583
82.9062 188.58
82.9375 188.585
82.9688 188.585
83 188.582
83.0312 188.581
83.0625 188.58
83.0938 188.586
83.125 188.585
83.1562 188.581
83.1875 188.587
83.2188 188.584
83.25 188.582
83.2812 188.582
83.3125 188.587
83.3438 188.585
83.375 188.586
83.4062 188.585
83.4375 188.581
83.4688 188.586
83.5 188.579
83.5312 188.587
83.5625 188.581
83.5938 188.584
83.625 188.582
83.6562 188.582
83.6875 188.583
83.7188 188.585
83.75 188.583
83.7812 188.582
83.8125 188.582
83.8438 188.584
83.875 188.577
83.9062 188.586
83.9375 188.583
83.9688 188.579
84 188.579
84.0312 188.578
84.0625 188.59
84.0938 188.584
84.125 188.586
84.1562 188.578
84.1875 188.583
84.2188 188.58
84.25 188.581
84.2812 188.586
84.3125 188.583
84.3438 188.583
84.375 188.58
84.4062 188.583
84.4375 188.582
84.4688 188.583
84.5 188.584
84.5312 188.585
84.5625 188.583
84.5938 188.584
84.625 188.582
84.6562 188.586
84.6875 188.584
84.7188 188.583
84.75 188.588
84.7812 188.586
84.8125 188.582
84.8438 188.585
84.875 188.579
84.9062 188.583
84.9375 188.586
84.9688 188.582
85 188.583
85.0312 188.585
85.0625 188.584
85.0938 188.588
85.125 188.582
85.1562 188.582
85.1875 188.582
85.2188 188.583
85.25 188.58
85.2812 188.586
85.3125 188.582
85.3438 188.586
85.375 188.586
85.4062 188.584
85.4375 188.586
85.4688 188.584
85.5 188.584
85.5312 188.584
85.5625 188.584
85.5938 188.581
85.625 188.579
85.6562 188.583
85.6875 188.58
85.7188 188.586
85.75 188.58
85.7812 188.578
85.8125 188.582
85.8438 188.584
85.875 188.581
85.9062 188.585
85.9375 188.586
85.9688 188.58
86 188.588
86.0312 188.585
86.0625 188.587
86.0938 188.582
86.125 188.584
86.1562 188.581
86.1875 188.586
86.2188 188.583
86.25 188.589
86.2812 188.583
86.3125 188.586
86.3438 188.586
86.375 188.582
86.4062 188.583
86.4375 188.585
86.4688 188.583
86.5 188.586
86.5312 188.582
86.5625 188.585
86.5938 188.578
86.625 188.582
86.6562 188.584
86.6875 188.583
86.7188 188.588
86.75 188.584
86.7812 188.583
86.8125 188.588
86.8438 188.585
86.875 188.585
86.9062 188.581
86.9375 188.588
86.9688 188.585
87 188.586
87.0312 188.579
87.0625 188.585
87.0938 188.586
87.125 188.584
87.1562 188.586
87.1875 188.586
87.2188 188.582
87.25 188.587
87.2812 188.582
87.3125 188.584
87.3438 188.584
87.375 188.588
87.4062 188.579
87.4375 188.588
87.4688 188.586
87.5 188.587
87.5312 188.581
87.5625 188.583
87.5938 188.58
87.625 188.584
87.6562 188.584
87.6875 188.584
87.7188 188.587
87.75 188.586
87.7812 188.582
87.8125 188.58
87.8438 188.582
87.875 188.581
87.9062 188.585
87.9375 188.584
87.9688 188.583
88 188.583
88.0312 188.584
88.0625 188.584
88.0938 188.583
88.125 188.583
88.1562 188.588
88.1875 188.584
88.2188 188.584
88.25 188.584
88.2812 188.583
88.3125 188.586
88.3438 188.578
88.375 188.582
88.4062 188.587
88.4375 188.581
88.4688 188.588
88.5 188.588
88.5312 188.584
88.5625 188.582
88.5938 188.584
88.625 188.586
88.6562 188.583
88.6875 188.584
88.7188 188.586
88.75 188.584
88.7812 188.583
88.8125 188.584
88.8438 188.586
88.875 188.58
88.9062 188.587
88.9375 188.583
88.9688 188.584
89 188.581
89.0312 188.582
89.0625 188.585
89.0938 188.582
89.125 188.587
89.1562 188.581
89.1875 188.579
89.2188 188.584
89.25 188.586
89.2812 188.582
89.3125 188.583
89.3438 188.581
89.375 188.581
89.4062 188.584
89.4375 188.584
89.4688 188.586
89.5 188.582
89.5312 188.583
89.5625 188.585
89.5938 188.582
89.625 188.582
89.6562 188.585
89.6875 188.581
89.7188 188.586
89.75 188.58
89.7812 188.584
89.8125 188.585
89.8438 188.582
89.875 188.583
89.9062 188.582
89.9375 188.58
89.9688 188.585
90 188.584
90.0312 188.587
90.0625 188.58
90.0938 188.579
90.125 188.584
90.1562 188.583
90.1875 188.587
90.2188 188.584
90.25 188.581
90.2812 188.583
90.3125 188.583
90.3438 188.584
90.375 188.58
90.4062 188.582
90.4375 188.588
90.4688 188.584
90.5 188.585
90.5312 188.588
90.5625 188.588
90.5938 188.583
90.625 188.582
90.6562 188.585
90.6875 188.586
90.7188 188.587
90.75 188.587
90.7812 188.589
90.8125 188.582
90.8438 188.586
90.875 188.583
90.9062 188.582
90.9375 188.582
90.9688 188.587
91 188.581
91.0312 188.582
91.0625 188.584
91.0938 188.583
91.125 188.584
91.1562 188.588
91.1875 188.584
91.2188 188.584
91.25 188.579
91.2812 188.584
91.3125 188.585
91.3438 188.587
91.375 188.581
91.4062 188.584
91.4375 188.58
91.4688 188.583
91.5 188.587
91.5312 188.582
91.5625 188.578
91.5938 188.588
91.625 188.583
91.6562 188.586
91.6875 188.587
91.7188 188.585
91.75 188.584
91.7812 188.584
91.8125 188.585
91.8438 188.586
91.875 188.584
91.9062 188.58
91.9375 188.581
91.9688 188.58
92 188.582
92.0312 188.586
92.0625 188.582
92.0938 188.581
92.125 188.58
92.1562 188.585
92.1875 188.581
92.2188 188.583
92.25 188.58
92.2812 188.587
92.3125 188.579
92.3438 188.584
92.375 188.587
92.4062 188.582
92.4375 188.587
92.4688 188.585
92.5 188.583
92.5312 188.581
92.5625 188.581
92.5938 188.58
92.625 188.581
92.6562 188.584
92.6875 188.588
92.7188 188.585
92.75 188.586
92.7812 188.587
92.8125 188.582
92.8438 188.583
92.875 188.586
92.9062 188.582
92.9375 188.584
92.9688 188.584
93 188.586
93.0312 188.582
93.0625 188.586
93.0938 188.584
93.125 188.581
93.1562 188.584
93.1875 188.582
93.2188 188.583
93.25 188.584
93.2812 188.587
93.3125 188.582
93.3438 188.583
93.375 188.585
93.4062 188.588
93.4375 188.585
93.4688 188.581
93.5 188.586
93.5312 188.582
93.5625 188.581
93.5938 188.582
93.625 188.583
93.6562 188.584
93.6875 188.585
93.7188 188.588
93.75 188.583
93.7812 188.585
93.8125 188.588
93.8438 188.587
93.875 188.583
93.9062 188.586
93.9375 188.588
93.9688 188.585
94 188.586
94.0312 188.585
94.0625 188.588
94.0938 188.582
94.125 188.582
94.1562 188.587
94.1875 188.585
94.2188 188.586
94.25 188.583
94.2812 188.581
94.3125 188.583
94.3438 188.587
94.375 188.584
94.4062 188.582
94.4375 188.588
94.4688 188.583
94.5 188.584
94.5312 188.585
94.5625 188.583
94.5938 188.585
94.625 188.588
94.6562 188.582
94.6875 188.584
94.7188 188.585
94.75 188.585
94.7812 188.588
94.8125 188.586
94.8438 188.584
94.875 188.585
94.9062 188.584
94.9375 188.584
94.9688 188.582
95 188.583
95.0312 188.581
95.0625 188.589
95.0938 188.586
95.125 188.579
95.1562 188.584
95.1875 188.586
95.2188 188.581
95.25 188.585
95.2812 188.586
95.3125 188.583
95.3438 188.582
95.375 188.584
95.4062 188.582
95.4375 188.584
95.4688 188.583
95.5 188.586
95.5312 188.586
95.5625 188.586
95.5938 188.588
95.625 188.585
95.6562 188.582
95.6875 188.58
95.7188 188.588
95.75 188.584
95.7812 188.58
95.8125 188.583
95.8438 188.582
95.875 188.585
95.9062 188.584
95.9375 188.586
95.9688 188.585
96 188.583
96.0312 188.581
96.0625 188.577
96.0938 188.586
96.125 188.579
96.1562 188.585
96.1875 188.586
96.2188 188.584
96.25 188.581
96.2812 188.581
96.3125 188.586
96.3438 188.584
96.375 188.583
96.4062 188.582
96.4375 188.587
96.4688 188.585
96.5 188.583
96.5312 188.586
96.5625 188.583
96.5938 188.584
96.625 188.584
96.6562 188.585
96.6875 188.586
96.7188 188.587
96.75 188.58
96.7812 188.583
96.8125 188.584
96.8438 188.587
96.875 188.582
96.9062 188.584
96.9375 188.585
96.9688 188.588
97 188.582
97.0312 188.584
97.0625 188.582
97.0938 188.584
97.125 188.58
97.1562 188.585
97.1875 188.586
97.2188 188.583
97.25 188.582
97.2812 188.584
97.3125 188.584
97.3438 188.585
97.375 188.586
97.4062 188.584
97.4375 188.581
97.4688 188.585
97.5 188.581
97.5312 188.582
97.5625 188.58
97.5938 188.584
97.625 188.587
97.6562 188.584
97.6875 188.59
97.7188 188.581
97.75 188.584
97.7812 188.583
97.8125 188.58
97.8438 188.589
97.875 188.585
97.9062 188.582
97.9375 188.587
97.9688 188.583
98 188.587
98.0312 188.583
98.0625 188.585
98.0938 188.584
98.125 188.582
98.1562 188.584
98.1875 188.584
98.2188 188.581
98.25 188.588
98.2812 188.588
98.3125 188.583
98.3438 188.584
98.375 188.583
98.4062 188.584
98.4375 188.583
98.4688 188.582
98.5 188.584
98.5312 188.582
98.5625 188.578
98.5938 188.584
98.625 188.584
98.6562 188.583
98.6875 188.589
98.7188 188.582
98.75 188.584
98.7812 188.586
98.8125 188.585
98.8438 188.586
98.875 188.582
98.9062 188.585
98.9375 188.586
98.9688 188.587
99 188.583
99.0312 188.582
99.0625 188.582
99.0938 188.583
99.125 188.586
99.1562 188.583
99.1875 188.584
99.2188 188.584
99.25 188.58
99.2812 188.589
99.3125 188.584
99.3438 188.583
99.375 188.584
99.4062 188.585
99.4375 188.582
99.4688 188.588
99.5 188.584
99.5312 188.588
99.5625 188.583
99.5938 188.588
99.625 188.582
99.6562 188.587
99.6875 188.582
99.7188 188.585
99.75 188.583
99.7812 188.584
99.8125 188.58
99.8438 188.584
99.875 188.581
99.9062 188.581
99.9375 188.588
99.9688 188.582
