1250 192
1250.08 192
1250.16 192
1250.23 192
1250.31 192
1250.39 192
1250.47 193
1250.55 193
1250.62 193
1250.7 193
1250.78 193
1250.86 193
1250.94 193
1251.02 192
1251.09 192
1251.17 193
1251.25 193
1251.33 192
1251.41 193
1251.48 192
1251.56 192
1251.64 192
1251.72 192
1251.8 193
1251.88 193
1251.95 192
1252.03 192
1252.11 193
1252.19 192
1252.27 193
1252.34 193
1252.42 192
1252.5 193
1252.58 192
1252.66 192
1252.73 192
1252.81 192
1252.89 192
1252.97 192
1253.05 193
1253.12 193
1253.2 192
1253.28 193
1253.36 193
1253.44 193
1253.52 192
1253.59 193
1253.67 193
1253.75 193
1253.83 193
1253.91 193
1253.98 193
1254.06 193
1254.14 192
1254.22 193
1254.3 192
1254.38 193
1254.45 193
1254.53 193
1254.61 193
1254.69 192
1254.77 192
1254.84 193
1254.92 193
1255 193
1255.08 193
1255.16 192
1255.23 193
1255.31 192
1255.39 192
1255.47 193
1255.55 192
1255.62 193
1255.7 192
1255.78 192
1255.86 192
1255.94 192
1256.02 193
1256.09 192
1256.17 192
1256.25 193
1256.33 193
1256.41 192
1256.48 192
1256.56 192
1256.64 193
1256.72 193
1256.8 192
1256.88 193
1256.95 193
1257.03 192
1257.11 192
1257.19 192
1257.27 192
1257.34 192
1257.42 192
1257.5 192
1257.58 193
1257.66 193
1257.73 193
1257.81 193
1257.89 192
1257.97 193
1258.05 193
1258.12 192
1258.2 192
1258.28 193
1258.36 193
1258.44 193
1258.52 193
1258.59 193
1258.67 192
1258.75 193
1258.83 193
1258.91 193
1258.98 193
1259.06 193
1259.14 192
1259.22 192
1259.3 193
1259.38 192
1259.45 193
1259.53 193
1259.61 192
1259.69 193
1259.77 193
1259.84 192
1259.92 192
1260 193
1260.08 192
1260.16 193
1260.23 193
1260.31 193
1260.39 192
1260.47 193
1260.55 193
1260.62 192
1260.7 193
1260.78 193
1260.86 192
1260.94 193
1261.02 192
1261.09 193
1261.17 193
1261.25 193
1261.33 192
1261.41 192
1261.48 193
1261.56 192
1261.64 192
1261.72 192
1261.8 192
1261.88 192
1261.95 192
1262.03 192
1262.11 193
1262.19 192
1262.27 192
1262.34 192
1262.42 193
1262.5 193
1262.58 192
1262.66 193
1262.73 193
1262.81 193
1262.89 193
1262.97 193
1263.05 192
1263.12 192
1263.2 193
1263.28 192
1263.36 192
1263.44 193
1263.52 193
1263.59 193
1263.67 193
1263.75 193
1263.83 193
1263.91 192
1263.98 193
1264.06 193
1264.14 193
1264.22 193
1264.3 193
1264.38 193
1264.45 193
1264.53 193
1264.61 192
1264.69 193
1264.77 192
1264.84 192
1264.92 193
1265 193
1265.08 193
1265.16 192
1265.23 193
1265.31 192
1265.39 193
1265.47 193
1265.55 192
1265.62 193
1265.7 193
1265.78 192
1265.86 193
1265.94 192
1266.02 193
1266.09 192
1266.17 192
1266.25 192
1266.33 192
1266.41 193
1266.48 193
1266.56 193
1266.64 192
1266.72 193
1266.8 193
1266.88 192
1266.95 192
1267.03 192
1267.11 193
1267.19 192
1267.27 193
1267.34 192
1267.42 192
1267.5 193
1267.58 192
1267.66 192
1267.73 192
1267.81 192
1267.89 192
1267.97 192
1268.05 192
1268.12 193
1268.2 193
1268.28 192
1268.36 193
1268.44 192
1268.52 193
1268.59 192
1268.67 193
1268.75 192
1268.83 193
1268.91 192
1268.98 192
1269.06 193
1269.14 193
1269.22 193
1269.3 192
1269.38 193
1269.45 192
1269.53 193
1269.61 193
1269.69 192
1269.77 192
1269.84 193
1269.92 192
1270 192
1270.08 192
1270.16 192
1270.23 193
1270.31 192
1270.39 192
1270.47 192
1270.55 193
1270.62 192
1270.7 193
1270.78 192
1270.86 192
1270.94 192
1271.02 192
1271.09 193
1271.17 192
1271.25 192
1271.33 192
1271.41 193
1271.48 192
1271.56 192
1271.64 192
1271.72 192
1271.8 193
1271.88 192
1271.95 192
1272.03 193
1272.11 192
1272.19 192
1272.27 192
1272.34 192
1272.42 193
1272.5 193
1272.58 193
1272.66 192
1272.73 193
1272.81 192
1272.89 192
1272.97 192
1273.05 192
1273.12 192
1273.2 192
1273.28 193
1273.36 193
1273.44 192
1273.52 193
1273.59 192
1273.67 193
1273.75 193
1273.83 192
1273.91 192
1273.98 193
1274.06 192
1274.14 192
1274.22 192
1274.3 193
1274.38 193
1274.45 193
1274.53 192
1274.61 192
1274.69 193
1274.77 192
1274.84 193
1274.92 193
1275 192
1275.08 193
1275.16 193
1275.23 192
1275.31 193
1275.39 192
1275.47 192
1275.55 192
1275.62 193
1275.7 193
1275.78 192
1275.86 192
1275.94 193
1276.02 192
1276.09 193
1276.17 193
1276.25 193
1276.33 192
1276.41 192
1276.48 192
1276.56 192
1276.64 193
1276.72 192
1276.8 193
1276.88 192
1276.95 192
1277.03 192
1277.11 192
1277.19 192
1277.27 193
1277.34 192
1277.42 193
1277.5 192
1277.58 192
1277.66 193
1277.73 192
1277.81 192


1277.89 193
1277.97 194
1278.05 193
1278.12 194
1278.2 194
1278.28 194
1278.36 194
1278.44 194
1278.52 194
1278.59 194
1278.67 193
1278.75 193
1278.83 193
1278.91 194
1278.98 194
1279.06 193
1279.14 193
1279.22 194
1279.3 194
1279.38 193
1279.45 194
1279.53 193
1279.61 194
1279.69 193
1279.77 194
1279.84 194
1279.92 194
1280 194
1280.08 194
1280.16 194
1280.23 193
1280.31 194
1280.39 194
1280.47 193
1280.55 194
1280.62 194
1280.7 194
1280.78 194
1280.86 194
1280.94 193
1281.02 193
1281.09 194
1281.17 193
1281.25 194
1281.33 193
1281.41 193
1281.48 194
1281.56 193
1281.64 193
1281.72 194
1281.8 194
1281.88 193
1281.95 194
1282.03 193
1282.11 194
1282.19 194
1282.27 193


1282.34 194
1282.42 195
1282.5 194
1282.58 195
1282.66 194
1282.73 194
1282.81 195
1282.89 194
1282.97 195
1283.05 194
1283.12 194
1283.2 195
1283.28 194
1283.36 195
1283.44 194
1283.52 194
1283.59 195
1283.67 194
1283.75 195
1283.83 194
1283.91 194
1283.98 194
1284.06 195
1284.14 195
1284.22 195
1284.3 194
1284.38 195
1284.45 194
1284.53 195
1284.61 195
1284.69 194
1284.77 194
1284.84 194
1284.92 194
1285 194
1285.08 194


1285.16 196
1285.23 195
1285.31 196
1285.39 196
1285.47 196
1285.55 196
1285.62 195
1285.7 196
1285.78 195
1285.86 196
1285.94 196
1286.02 196
1286.09 196
1286.17 195
1286.25 196
1286.33 196
1286.41 195
1286.48 196
1286.56 196
1286.64 195
1286.72 195
1286.8 195
1286.88 195
1286.95 195
1287.03 196
1287.11 196
1287.19 195
1287.27 196
1287.34 196
1287.42 196
1287.5 195
1287.58 195


1287.66 196
1287.73 197
1287.81 196
1287.89 197
1287.97 197
1288.05 197
1288.12 197
1288.2 197
1288.28 196
1288.36 196
1288.44 197
1288.52 196
1288.59 197
1288.67 197
1288.75 197
1288.83 196
1288.91 196
1288.98 196
1289.06 196
1289.14 197
1289.22 196
1289.3 196
1289.38 197
1289.45 196
1289.53 197
1289.61 197
1289.69 196
1289.77 196
1289.84 196
1289.92 197
1290 196
1290.08 196
1290.16 196
1290.23 196
1290.31 196
1290.39 197
1290.47 197


1290.55 197
1290.62 198
1290.7 198
1290.78 198
1290.86 198
1290.94 198
1291.02 197
1291.09 197
1291.17 198
1291.25 197
1291.33 197
1291.41 198
1291.48 198
1291.56 198
1291.64 197
1291.72 198
1291.8 198
1291.88 197
1291.95 197
1292.03 198
1292.11 197
1292.19 197
1292.27 197
1292.34 198
1292.42 197
1292.5 197
1292.58 198
1292.66 197
1292.73 198
1292.81 198


1292.89 198
1292.97 199
1293.05 198
1293.12 198
1293.2 198
1293.28 198
1293.36 198
1293.44 199
1293.52 198
1293.59 198
1293.67 198
1293.75 198
1293.83 198
1293.91 199
1293.98 198
1294.06 199
1294.14 199
1294.22 199
1294.3 198
1294.38 198
1294.45 199
1294.53 199
1294.61 199
1294.69 198
1294.77 199
1294.84 198
1294.92 198
1295 198
1295.08 199
1295.16 198
1295.23 199
1295.31 198
1295.39 199
1295.47 198
1295.55 199
1295.62 199
1295.7 199
1295.78 199
1295.86 199



1295.94 199
1296.02 200
1296.09 199
1296.17 199
1296.25 200
1296.33 199
1296.41 199
1296.48 200
1296.56 199
1296.64 199
1296.72 199
1296.8 199
1296.88 199
1296.95 199
1297.03 199
1297.11 200
1297.19 199
1297.27 199
1297.34 199
1297.42 199
1297.5 200
1297.58 200
1297.66 199
1297.73 200
1297.81 199
1297.89 199
1297.97 200
1298.05 200
1298.12 199
1298.2 200
1298.28 200
1298.36 199
1298.44 199
1298.52 200
1298.59 199
1298.67 200
1298.75 199
1298.83 200
1298.91 200


1298.98 199
1299.06 201
1299.14 200
1299.22 201
1299.3 201
1299.38 200
1299.45 200
1299.53 200
1299.61 201
1299.69 200
1299.77 200
1299.84 201
1299.92 201
1300 200
1300.08 200
1300.16 201
1300.23 200
1300.31 201
1300.39 200
1300.47 200
1300.55 200
1300.62 201
1300.7 201
1300.78 200
1300.86 200
1300.94 200
1301.02 201
1301.09 200
1301.17 201
1301.25 200
1301.33 201
1301.41 200
1301.48 200
1301.56 201
1301.64 201


1301.72 201
1301.8 202
1301.88 201
1301.95 201
1302.03 201
1302.11 201
1302.19 202
1302.27 202
1302.34 202
1302.42 202
1302.5 202
1302.58 201
1302.66 201
1302.73 201
1302.81 201
1302.89 201
1302.97 201
1303.05 201
1303.12 202
1303.2 201
1303.28 202
1303.36 201
1303.44 201
1303.52 202
1303.59 202
1303.67 201
1303.75 202
1303.83 202
1303.91 202
1303.98 201
1304.06 201
1304.14 202
1304.22 201
1304.3 201
1304.38 201


1304.45 202
1304.53 203
1304.61 203
1304.69 203
1304.77 202
1304.84 203
1304.92 202
1305 203
1305.08 203
1305.16 202
1305.23 203
1305.31 203
1305.39 203
1305.47 202
1305.55 202
1305.62 202
1305.7 203
1305.78 202
1305.86 203
1305.94 202
1306.02 202
1306.09 203
1306.17 203
1306.25 202
1306.33 202
1306.41 203
1306.48 202
1306.56 202
1306.64 202
1306.72 203
1306.8 203
1306.88 202
1306.95 203
1307.03 202
1307.11 203
1307.19 203


1307.27 203
1307.34 204
1307.42 204
1307.5 204
1307.58 204
1307.66 203
1307.73 203
1307.81 204
1307.89 203
1307.97 203
1308.05 204
1308.12 203
1308.2 203
1308.28 204
1308.36 204
1308.44 204
1308.52 203
1308.59 203
1308.67 203
1308.75 204
1308.83 204
1308.91 203
1308.98 204
1309.06 203
1309.14 204
1309.22 204
1309.3 203
1309.38 203
1309.45 204
1309.53 204
1309.61 204


1309.69 204
1309.77 205
1309.84 204
1309.92 204
1310 204
1310.08 205
1310.16 205
1310.23 205
1310.31 204
1310.39 205
1310.47 204
1310.55 205
1310.62 205
1310.7 205
1310.78 205
1310.86 204
1310.94 204
1311.02 204
1311.09 205
1311.17 204
1311.25 205
1311.33 204
1311.41 204
1311.48 205
1311.56 204
1311.64 205
1311.72 204
1311.8 205
1311.88 205
1311.95 204
1312.03 204
1312.11 204
1312.19 205


1312.27 205
1312.34 206
1312.42 204
1312.5 205
1312.58 205
1312.66 204
1312.73 205
1312.81 206
1312.89 205
1312.97 205
1313.05 206
1313.12 205
1313.2 205
1313.28 206
1313.36 205
1313.44 205
1313.52 206
1313.59 205
1313.67 206
1313.75 206
1313.83 205
1313.91 206
1313.98 205
1314.06 206
1314.14 205
1314.22 206
1314.3 206
1314.38 205
1314.45 205
1314.53 205
1314.61 206
1314.69 205
1314.77 205
1314.84 205
1314.92 206
1315 206
1315.08 206
1315.16 206
1315.23 205
1315.31 205
1315.39 206
1315.47 205
1315.55 205
1315.62 205
1315.7 205
1315.78 205
1315.86 205
1315.94 205
1316.02 206


1316.09 206
1316.17 207
1316.25 205
1316.33 206
1316.41 206
1316.48 206
1316.56 206
1316.64 207
1316.72 206
1316.8 206
1316.88 206
1316.95 207
1317.03 207
1317.11 207
1317.19 207
1317.27 206
1317.34 206
1317.42 207
1317.5 207
1317.58 206
1317.66 207
1317.73 207
1317.81 206
1317.89 207
1317.97 206
1318.05 207
1318.12 206
1318.2 207
1318.28 206
1318.36 207
1318.44 207
1318.52 206
1318.59 206
1318.67 206
1318.75 206
1318.83 207
1318.91 207
1318.98 208
1319.06 207
1319.14 208
1319.22 207
1319.3 208
1319.38 207
1319.45 208
1319.53 208
1319.61 208
1319.69 208
1319.77 207
1319.84 208
1319.92 208
1320 208
1320.08 207
1320.16 208
1320.23 207
1320.31 207
1320.39 207
1320.47 208
1320.55 207
1320.62 208
1320.7 207
1320.78 208
1320.86 207
1320.94 207
1321.02 207
1321.09 208
1321.17 207
1321.25 207
1321.33 208
1321.41 208
1321.48 208
1321.56 207
1321.64 207
1321.72 207
1321.8 208
1321.88 209
1321.95 208
1322.03 208
1322.11 209
1322.19 209
1322.27 209
1322.34 209
1322.42 209
1322.5 208
1322.58 208
1322.66 208
1322.73 208
1322.81 209
1322.89 208
1322.97 208
1323.05 208
1323.12 209
1323.2 209
1323.28 209
1323.36 208
1323.44 208
1323.52 208
1323.59 208
1323.67 209
1323.75 208
1323.83 209
1323.91 208
1323.98 209
1324.06 209
1324.14 208
1324.22 208
1324.3 209
1324.38 209
1324.45 210
1324.53 210
1324.61 210
1324.69 210
1324.77 209
1324.84 209
1324.92 210
1325 209
1325.08 210
1325.16 210
1325.23 209
1325.31 209
1325.39 209
1325.47 209
1325.55 209
1325.62 210
1325.7 209
1325.78 210
1325.86 210
1325.94 209
1326.02 209
1326.09 209
1326.17 209
1326.25 210
1326.33 209
1326.41 210
1326.48 209
1326.56 209
1326.64 210
1326.72 209
1326.8 209
1326.88 209
1326.95 210
1327.03 209
1327.11 210
1327.19 210
1327.27 209
1327.34 210
1327.42 210
1327.5 210
1327.58 209
1327.66 209
1327.73 211
1327.81 210
1327.89 210
1327.97 210
1328.05 211
1328.12 210
1328.2 211
1328.28 210
1328.36 210
1328.44 210
1328.52 211
1328.59 210
1328.67 211
1328.75 211
1328.83 210
1328.91 211
1328.98 210
1329.06 210
1329.14 210
1329.22 211
1329.3 211
1329.38 210
1329.45 210
1329.53 210
1329.61 211
1329.69 210
1329.77 210
1329.84 210
1329.92 211
1330 210
1330.08 211
1330.16 211
1330.23 211
1330.31 211
1330.39 211
1330.47 211
1330.55 210
1330.62 210
1330.7 211
1330.78 210
1330.86 210
1330.94 211
1331.02 211
1331.09 211
1331.17 212
1331.25 212
1331.33 211
1331.41 212
1331.48 211
1331.56 212
1331.64 211
1331.72 211
1331.8 211
1331.88 212
1331.95 211
1332.03 211
1332.11 211
1332.19 211
1332.27 211
1332.34 211
1332.42 212
1332.5 212
1332.58 212
1332.66 212
1332.73 211
1332.81 212
1332.89 212
1332.97 211
1333.05 212
1333.12 211
1333.2 212
1333.28 211
1333.36 211
1333.44 211
1333.52 212
1333.59 211
1333.67 212
1333.75 211
1333.83 211
1333.91 213
1333.98 213
1334.06 213
1334.14 212
1334.22 213
1334.3 213
1334.38 213
1334.45 213
1334.53 212
1334.61 212
1334.69 213
1334.77 213
1334.84 213
1334.92 212
1335 212
1335.08 213
1335.16 213
1335.23 212
1335.31 213
1335.39 212
1335.47 213
1335.55 213
1335.62 213
1335.7 213
1335.78 212
1335.86 213
1335.94 213
1336.02 213
1336.09 213
1336.17 212
1336.25 213
1336.33 213
1336.41 213
1336.48 213
1336.56 212
1336.64 213
1336.72 212
1336.8 214
1336.88 213
1336.95 213
1337.03 214
1337.11 214
1337.19 213
1337.27 214
1337.34 213
1337.42 213
1337.5 213
1337.58 213
1337.66 214
1337.73 213
1337.81 213
1337.89 214
1337.97 213
1338.05 213
1338.12 213
1338.2 214
1338.28 213
1338.36 213
1338.44 214
1338.52 214
1338.59 213
1338.67 213
1338.75 214
1338.83 214
1338.91 214
1338.98 213
1339.06 214
1339.14 213
1339.22 213
1339.3 213
1339.38 214
1339.45 213
1339.53 214
1339.61 214
1339.69 214
1339.77 214
1339.84 215
1339.92 214
1340 215
1340.08 214
1340.16 214
1340.23 215
1340.31 215
1340.39 215
1340.47 214
1340.55 214
1340.62 214
1340.7 215
1340.78 215
1340.86 214
1340.94 214
1341.02 214
1341.09 214
1341.17 214
1341.25 215
1341.33 214
1341.41 215
1341.48 214
1341.56 215
1341.64 215
1341.72 214
1341.8 215
1341.88 214
1341.95 215
1342.03 214
1342.11 215
1342.19 215
1342.27 216
1342.34 215
1342.42 215
1342.5 216
1342.58 216
1342.66 216
1342.73 215
1342.81 216
1342.89 215
1342.97 215
1343.05 216
1343.12 216
1343.2 216
1343.28 215
1343.36 216
1343.44 215
1343.52 216
1343.59 216
1343.67 215
1343.75 216
1343.83 215
1343.91 215
1343.98 215
1344.06 216
1344.14 215
1344.22 215
1344.3 215
1344.38 216
1344.45 215
1344.53 215
1344.61 215
1344.69 215
1344.77 216
1344.84 216
1344.92 216
1345 215
1345.08 216
1345.16 215
1345.23 216
1345.31 216
1345.39 215
1345.47 215
1345.55 215
1345.62 216
1345.7 216
1345.78 217
1345.86 217
1345.94 217
1346.02 216
1346.09 216
1346.17 217
1346.25 217
1346.33 216
1346.41 216
1346.48 217
1346.56 217
1346.64 216
1346.72 216
1346.8 216
1346.88 217
1346.95 217
1347.03 216
1347.11 217
1347.19 217
1347.27 216
1347.34 217
1347.42 216
1347.5 216
1347.58 216
1347.66 216
1347.73 217
1347.81 217
1347.89 217
1347.97 217
1348.05 217
1348.12 216
1348.2 217
1348.28 217
1348.36 217
1348.44 216
1348.52 217
1348.59 217
1348.67 217
1348.75 217
1348.83 217
1348.91 217
1348.98 216
1349.06 216
1349.14 217
1349.22 216
1349.3 216
1349.38 216
1349.45 216
1349.53 216
1349.61 217
1349.69 217
1349.77 216
1349.84 217
1349.92 217
1350 217
1350.08 216
1350.16 216
1350.23 217
1350.31 216
1350.39 217
1350.47 216
1350.55 217
1350.62 217
1350.7 216
1350.78 217
1350.86 216
1350.94 217
1351.02 216
1351.09 217
1351.17 216
1351.25 216
1351.33 217
1351.41 217
1351.48 217
1351.56 216
1351.64 217
1351.72 216
1351.8 217
1351.88 217
1351.95 217
1352.03 216
1352.11 217
1352.19 216
1352.27 217
1352.34 217
1352.42 217
1352.5 216
1352.58 217
1352.66 217
1352.73 217
1352.81 216
1352.89 216
1352.97 217
1353.05 216
1353.12 217
1353.2 216
1353.28 216
1353.36 216
1353.44 217
1353.52 217
1353.59 217
1353.67 216
1353.75 216
1353.83 216
1353.91 217
1353.98 217
1354.06 216
1354.14 216
1354.22 217
1354.3 216
1354.38 216
1354.45 217
1354.53 216
1354.61 217
1354.69 217
1354.77 217
1354.84 216
1354.92 216
1355 216
1355.08 217
1355.16 217
1355.23 217
1355.31 217
1355.39 216
1355.47 216
1355.55 217
1355.62 216
1355.7 216
1355.78 217
1355.86 217
1355.94 216
1356.02 216
1356.09 217
1356.17 216
1356.25 217
1356.33 216
1356.41 217
1356.48 217
1356.56 217
1356.64 216
1356.72 216
1356.8 216
1356.88 217
1356.95 216
1357.03 216
1357.11 217
1357.19 217
1357.27 216
1357.34 216
1357.42 217
1357.5 217
1357.58 217
1357.66 217
1357.73 216
1357.81 216
1357.89 217
1357.97 216
1358.05 217
1358.12 216
1358.2 216
1358.28 217
1358.36 217
1358.44 217
1358.52 217
1358.59 217
1358.67 217
1358.75 217
1358.83 217
1358.91 216
1358.98 217
1359.06 216
1359.14 217
1359.22 217
1359.3 216
1359.38 217
1359.45 217
1359.53 217
1359.61 216
1359.69 216
1359.77 216
1359.84 217
1359.92 217
1360 216
1360.08 217
1360.16 217
1360.23 216
1360.31 217
1360.39 216
1360.47 216
1360.55 217
1360.62 217
1360.7 216
1360.78 216
1360.86 217
1360.94 216
1361.02 216
1361.09 216
1361.17 217
1361.25 217
1361.33 218
1361.41 218
1361.48 217
1361.56 217
1361.64 217
1361.72 217
1361.8 218
1361.88 217
1361.95 218
1362.03 217
1362.11 217
1362.19 218
1362.27 217
1362.34 218
1362.42 218
1362.5 217
1362.58 218
1362.66 217
1362.73 218
1362.81 217
1362.89 218
1362.97 217
1363.05 217
1363.12 218
1363.2 218
1363.28 218
1363.36 218
1363.44 218
1363.52 218
1363.59 217
1363.67 218
1363.75 217
1363.83 217
1363.91 217
1363.98 218
1364.06 218
1364.14 217
1364.22 217
1364.3 218
1364.38 217
1364.45 217
1364.53 217
1364.61 218
1364.69 218
1364.77 217
1364.84 217
1364.92 218
1365 217
1365.08 218
1365.16 217
1365.23 218
1365.31 218
1365.39 217
1365.47 217
1365.55 218
1365.62 218
1365.7 218
1365.78 217
1365.86 217
1365.94 217
1366.02 217
1366.09 218
1366.17 218
1366.25 218
1366.33 217
1366.41 218
1366.48 218
1366.56 218
1366.64 218
1366.72 217
1366.8 217
1366.88 217
1366.95 218
1367.03 217
1367.11 218
1367.19 217
1367.27 217
1367.34 217
1367.42 217
1367.5 218
1367.58 217
1367.66 217
1367.73 217
1367.81 217
1367.89 218
1367.97 217
1368.05 217
1368.12 217
1368.2 218
1368.28 217
1368.36 218
1368.44 217
1368.52 218
1368.59 217
1368.67 218
1368.75 218
1368.83 218
1368.91 218
1368.98 218
1369.06 218
1369.14 217
1369.22 217
1369.3 218
1369.38 217
1369.45 217
1369.53 218
1369.61 218
1369.69 217
1369.77 218
1369.84 217
1369.92 218
1370 217
1370.08 217
1370.16 218
1370.23 217
1370.31 217
1370.39 218
1370.47 217
1370.55 218
1370.62 218
1370.7 217
1370.78 218
1370.86 218
1370.94 218
1371.02 218
1371.09 217
1371.17 217
1371.25 218
1371.33 217
1371.41 218
1371.48 218
1371.56 218
1371.64 217
1371.72 217
1371.8 218
1371.88 218
1371.95 218
1372.03 217
1372.11 217
1372.19 217
1372.27 217
1372.34 217
1372.42 217
1372.5 218
1372.58 218
1372.66 217
1372.73 218
1372.81 217
1372.89 218
1372.97 218
1373.05 218
1373.12 217
1373.2 217
1373.28 217
1373.36 217
1373.44 218
1373.52 217
1373.59 218
1373.67 218
1373.75 218
1373.83 218
1373.91 217
1373.98 217
1374.06 217
1374.14 217
1374.22 217
1374.3 217
1374.38 217
1374.45 217
1374.53 217
1374.61 218
1374.69 218
1374.77 217
1374.84 217
1374.92 218
1375 217
1375.08 218
1375.16 218
1375.23 217
1375.31 218
1375.39 218
1375.47 217
1375.55 217
1375.62 218
1375.7 217
1375.78 217
1375.86 217
1375.94 218
1376.02 218
1376.09 218
1376.17 218
1376.25 217
1376.33 218
1376.41 219
1376.48 219
1376.56 219
1376.64 218
1376.72 219
1376.8 219
1376.88 219
1376.95 219
1377.03 218
1377.11 219
1377.19 219
1377.27 219
1377.34 219
1377.42 218
1377.5 219
1377.58 219
1377.66 219
1377.73 219
1377.81 219
1377.89 218
1377.97 218
1378.05 218
1378.12 218
1378.2 218
1378.28 219
1378.36 219
1378.44 219
1378.52 218
1378.59 218
1378.67 219
1378.75 218
1378.83 219
1378.91 219
1378.98 218
1379.06 219
1379.14 218
1379.22 219
1379.3 218
1379.38 219
1379.45 218
1379.53 219
1379.61 219
1379.69 219
1379.77 219
1379.84 218
1379.92 220
1380 218
1380.08 218
1380.16 218
1380.23 218
1380.31 218
1380.39 218
1380.47 218
1380.55 219
1380.62 218
1380.7 220
1380.78 220
1380.86 219
1380.94 218
1381.02 220
1381.09 218
1381.17 218
1381.25 220
1381.33 218
1381.41 220
1381.48 218
1381.56 218
1381.64 220
1381.72 218
1381.8 220
1381.88 220
1381.95 219
1382.03 220
1382.11 220
1382.19 220
1382.27 218
1382.34 218
1382.42 220
1382.5 218
1382.58 218
1382.66 220
1382.73 218
1382.81 219
1382.89 219
1382.97 219
1383.05 218
1383.12 218
1383.2 220
1383.28 218
1383.36 220
1383.44 220
1383.52 219
1383.59 219
1383.67 220
1383.75 220
1383.83 218
1383.91 220
1383.98 220
1384.06 218
1384.14 219
1384.22 218
1384.3 220
1384.38 219
1384.45 220
1384.53 220
1384.61 220
1384.69 220
1384.77 218
1384.84 218
1384.92 218
1385 220
1385.08 220
1385.16 220
1385.23 218
1385.31 218
1385.39 219
1385.47 220
1385.55 219
1385.62 220
1385.7 220
1385.78 220
1385.86 220
1385.94 220
1386.02 219
1386.09 220
1386.17 220
1386.25 220
1386.33 219
1386.41 219
1386.48 220
1386.56 220
1386.64 218
1386.72 219
1386.8 220
1386.88 218
1386.95 219
1387.03 220
1387.11 220
1387.19 219
1387.27 218
1387.34 220
1387.42 220
1387.5 218
1387.58 219
1387.66 220
1387.73 220
1387.81 220
1387.89 219
1387.97 220
1388.05 219
1388.12 220
1388.2 219
1388.28 219
1388.36 219
1388.44 219
1388.52 220
1388.59 220
1388.67 220
1388.75 218
1388.83 218
1388.91 220
1388.98 219
1389.06 220
1389.14 218
1389.22 218
1389.3 220
1389.38 219
1389.45 219
1389.53 218
1389.61 219
1389.69 220
1389.77 220
1389.84 220
1389.92 220
1390 218
1390.08 220
1390.16 219
1390.23 220
1390.31 218
1390.39 218
1390.47 218
1390.55 220
1390.62 220
1390.7 220
1390.78 220
1390.86 220
1390.94 218
1391.02 220
1391.09 218
1391.17 220
1391.25 220
1391.33 219
1391.41 218
1391.48 219
1391.56 220
1391.64 220
1391.72 219
1391.8 219
1391.88 220
1391.95 220
1392.03 219
1392.11 219
1392.19 220
1392.27 220
1392.34 220
1392.42 219
1392.5 219
1392.58 220
1392.66 220
1392.73 219
1392.81 219
1392.89 219
1392.97 220
1393.05 220
1393.12 220
1393.2 219
1393.28 219
1393.36 219
1393.44 219
1393.52 220
1393.59 220
1393.67 220
1393.75 219
1393.83 219
1393.91 220
1393.98 219
1394.06 220
1394.14 219
1394.22 220
1394.3 219
1394.38 220
1394.45 219
1394.53 219
1394.61 220
1394.69 220
1394.77 220
1394.84 220
1394.92 219
1395 220
1395.08 220
1395.16 219
1395.23 219
1395.31 220
1395.39 220
1395.47 221
1395.55 220
1395.62 220
1395.7 220
1395.78 220
1395.86 220
1395.94 220
1396.02 220
1396.09 220
1396.17 220
1396.25 221
1396.33 221
1396.41 221
1396.48 220
1396.56 220
1396.64 221
1396.72 220
1396.8 221
1396.88 221
1396.95 220
1397.03 221
1397.11 221
1397.19 221
1397.27 220
1397.34 221
1397.42 220
1397.5 221
1397.58 220
1397.66 221
1397.73 221
1397.81 221
1397.89 220
1397.97 221
1398.05 220
1398.12 221
1398.2 221
1398.28 220
1398.36 220
1398.44 221
1398.52 220
1398.59 221
1398.67 221
1398.75 221
1398.83 220
1398.91 220
1398.98 221
1399.06 221
1399.14 221
1399.22 221
1399.3 221
1399.38 220
1399.45 221
1399.53 221
1399.61 220
1399.69 221
1399.77 221
1399.84 220
1399.92 220
1400 220
1400.08 221
1400.16 221
1400.23 220
1400.31 221
1400.39 220
1400.47 220
1400.55 220
1400.62 220
1400.7 221
1400.78 220
1400.86 220
1400.94 221
1401.02 220
1401.09 221
1401.17 221
1401.25 221
1401.33 220
1401.41 220
1401.48 220
1401.56 221
1401.64 220
1401.72 220
1401.8 221
1401.88 220
1401.95 220
1402.03 220
1402.11 221
1402.19 221
1402.27 221
1402.34 221
1402.42 221
1402.5 220
1402.58 221
1402.66 220
1402.73 220
1402.81 221
1402.89 220
1402.97 221
1403.05 220
1403.12 221
1403.2 220
1403.28 221
1403.36 221
1403.44 220
1403.52 220
1403.59 221
1403.67 220
1403.75 221
1403.83 221
1403.91 220
1403.98 220
1404.06 221
1404.14 220
1404.22 220
1404.3 220
1404.38 220
1404.45 221
1404.53 221
1404.61 221
1404.69 220
1404.77 221
1404.84 221
1404.92 221
1405 221
1405.08 221
1405.16 221
1405.23 220
1405.31 220
1405.39 221
1405.47 220
1405.55 221
1405.62 220
1405.7 221
1405.78 220
1405.86 221
1405.94 221
1406.02 221
1406.09 221
1406.17 221
1406.25 220
1406.33 220
1406.41 221
1406.48 221
1406.56 221
1406.64 220
1406.72 220
1406.8 220
1406.88 220
1406.95 220
1407.03 220
1407.11 220
1407.19 220
1407.27 221
1407.34 221
1407.42 220
1407.5 220
1407.58 220
1407.66 220
1407.73 220
1407.81 221
1407.89 220
1407.97 220
1408.05 220
1408.12 221
1408.2 221
1408.28 221
1408.36 220
1408.44 221
1408.52 221
1408.59 220
1408.67 221
1408.75 221
1408.83 220
1408.91 221
1408.98 220
1409.06 220
1409.14 221
1409.22 221
1409.3 221
1409.38 221
1409.45 220
1409.53 221
1409.61 220
1409.69 221
1409.77 220
1409.84 220
1409.92 220
1410 221
1410.08 221
1410.16 221
1410.23 220
1410.31 220
1410.39 221
1410.47 220
1410.55 221
1410.62 220
1410.7 221
1410.78 221
1410.86 220
1410.94 221
1411.02 220
1411.09 221
1411.17 221
1411.25 220
1411.33 220
1411.41 221
1411.48 220
1411.56 220
1411.64 220
1411.72 221
1411.8 221
1411.88 221
1411.95 220
1412.03 220
1412.11 221
1412.19 221
1412.27 220
1412.34 220
1412.42 220
1412.5 221
1412.58 221
1412.66 221
1412.73 221
1412.81 221
1412.89 221
1412.97 221
1413.05 221
1413.12 220
1413.2 221
1413.28 221
1413.36 220
1413.44 220
1413.52 220
1413.59 221
1413.67 221
1413.75 221
1413.83 220
1413.91 221
1413.98 220
1414.06 220
1414.14 221
1414.22 221
1414.3 220
1414.38 221
1414.45 220
1414.53 220
1414.61 221
1414.69 220
1414.77 220
1414.84 220
1414.92 220
1415 220
1415.08 220
1415.16 220
1415.23 221
1415.31 221
1415.39 221
1415.47 221
1415.55 221
1415.62 221
1415.7 220
1415.78 220
1415.86 221
1415.94 220
1416.02 221
1416.09 221
1416.17 220
1416.25 221
1416.33 221
1416.41 220
1416.48 221
1416.56 221
1416.64 220
1416.72 220
1416.8 221
1416.88 221
1416.95 221
1417.03 221
1417.11 221
1417.19 221
1417.27 220
1417.34 221
1417.42 220
1417.5 221
1417.58 221
1417.66 221
1417.73 221
1417.81 221
1417.89 221
1417.97 221
1418.05 221
1418.12 220
1418.2 221
1418.28 220
1418.36 220
1418.44 220
1418.52 220
1418.59 221
1418.67 220
1418.75 221
1418.83 220
1418.91 221
1418.98 220
1419.06 220
1419.14 220
1419.22 221
1419.3 221
1419.38 220
1419.45 220
1419.53 221
1419.61 220
1419.69 220
1419.77 221
1419.84 221
1419.92 220
1420 220
1420.08 221
1420.16 220
1420.23 220
1420.31 220
1420.39 220
1420.47 220
1420.55 220
1420.62 220
1420.7 220
1420.78 221
1420.86 221
1420.94 221
1421.02 221
1421.09 221
1421.17 221
1421.25 221
1421.33 220
1421.41 220
1421.48 221
1421.56 221
1421.64 221
1421.72 220
1421.8 221
1421.88 220
1421.95 221
1422.03 221
1422.11 220
1422.19 220
1422.27 220
1422.34 220
1422.42 221
1422.5 220
1422.58 221
1422.66 221
1422.73 220
1422.81 221
1422.89 220
1422.97 221
1423.05 221
1423.12 221
1423.2 221
1423.28 221
1423.36 221
1423.44 221
1423.52 221
1423.59 220
1423.67 220
1423.75 220
1423.83 221
1423.91 221
1423.98 221
1424.06 220
1424.14 221
1424.22 220
1424.3 221
1424.38 221
1424.45 220
1424.53 220
1424.61 220
1424.69 221
1424.77 220
1424.84 220
1424.92 221
1425 220
1425.08 220
1425.16 220
1425.23 220
1425.31 221
1425.39 221
1425.47 220
1425.55 221
1425.62 220
1425.7 221
1425.78 221
1425.86 220
1425.94 221
1426.02 221
1426.09 220
1426.17 221
1426.25 220
1426.33 221
1426.41 221
1426.48 220
1426.56 221
1426.64 221
1426.72 220
1426.8 221
1426.88 220
1426.95 220
1427.03 220
1427.11 221
1427.19 221
1427.27 221
1427.34 221
1427.42 221
1427.5 220
1427.58 221
1427.66 221
1427.73 220
1427.81 220
1427.89 221
1427.97 221
1428.05 220
1428.12 221
1428.2 221
1428.28 221
1428.36 221
1428.44 221
1428.52 221
1428.59 221
1428.67 221
1428.75 221
1428.83 220
1428.91 221
1428.98 221
1429.06 221
1429.14 221
1429.22 220
1429.3 220
1429.38 220
1429.45 221
1429.53 221
1429.61 220
1429.69 221
1429.77 221
1429.84 220
1429.92 220
1430 220
1430.08 221
1430.16 221
1430.23 221
1430.31 221
1430.39 221
1430.47 220
1430.55 221
1430.62 221
1430.7 221
1430.78 221
1430.86 221
1430.94 221
1431.02 221
1431.09 220
1431.17 221
1431.25 220
1431.33 220
1431.41 221
1431.48 220
1431.56 220
1431.64 221
1431.72 220
1431.8 221
1431.88 220
1431.95 220
1432.03 221
1432.11 220
1432.19 220
1432.27 221
1432.34 220
1432.42 220
1432.5 221
1432.58 220
1432.66 220
1432.73 220
1432.81 220
1432.89 220
1432.97 220
1433.05 221
1433.12 220
1433.2 221
1433.28 221
1433.36 221
1433.44 221
1433.52 221
1433.59 220
1433.67 220
1433.75 220
1433.83 221
1433.91 221
1433.98 220
1434.06 220
1434.14 220
1434.22 220
1434.3 221
1434.38 220
1434.45 220
1434.53 220
1434.61 221
1434.69 220
1434.77 220
1434.84 220
1434.92 220
1435 221
1435.08 220
1435.16 221
1435.23 220
1435.31 220
1435.39 221
1435.47 220
1435.55 220
1435.62 221
1435.7 221
1435.78 220
1435.86 220
1435.94 220
1436.02 220
1436.09 221
1436.17 220
1436.25 221
1436.33 221
1436.41 220
1436.48 220
1436.56 221
1436.64 220
1436.72 220
1436.8 220
1436.88 221
1436.95 221
1437.03 220
1437.11 220
1437.19 220
1437.27 221
1437.34 220
1437.42 220
1437.5 221
1437.58 221
1437.66 220
1437.73 220
1437.81 220
1437.89 220
1437.97 220
1438.05 220
1438.12 220
1438.2 221
1438.28 220
1438.36 221
1438.44 221
1438.52 221
1438.59 221
1438.67 221
1438.75 220
1438.83 221
1438.91 220
1438.98 221
1439.06 220
1439.14 221
1439.22 220
1439.3 221
1439.38 221
1439.45 221
1439.53 220
1439.61 220
1439.69 221
1439.77 221
1439.84 221
1439.92 220
1440 220
1440.08 220
1440.16 220
1440.23 221
1440.31 221
1440.39 220
1440.47 220
1440.55 221
1440.62 220
1440.7 220
1440.78 220
1440.86 220
1440.94 221
1441.02 220
1441.09 220
1441.17 221
1441.25 221
1441.33 221
1441.41 220
1441.48 220
1441.56 220
1441.64 221
1441.72 221
1441.8 221
1441.88 221
1441.95 220
1442.03 220
1442.11 221
1442.19 220
1442.27 220
1442.34 220
1442.42 221
1442.5 221
1442.58 220
1442.66 221
1442.73 220
1442.81 220
1442.89 221
1442.97 220
1443.05 221
1443.12 220
1443.2 221
1443.28 220
1443.36 221
1443.44 220
1443.52 220
1443.59 220
1443.67 221
1443.75 221
1443.83 221
1443.91 220
1443.98 220
1444.06 221
1444.14 221
1444.22 220
1444.3 220
1444.38 220
1444.45 221
1444.53 221
1444.61 220
1444.69 221
1444.77 220
1444.84 220
1444.92 220
1445 221
1445.08 220
1445.16 220
1445.23 220
1445.31 220
1445.39 220
1445.47 221
1445.55 221
1445.62 220
1445.7 220
1445.78 221
1445.86 221
1445.94 220
1446.02 221
1446.09 221
1446.17 221
1446.25 221
1446.33 220
1446.41 221
1446.48 220
1446.56 220
1446.64 221
1446.72 221
1446.8 221
1446.88 220
1446.95 220
1447.03 220
1447.11 220
1447.19 220
1447.27 221
1447.34 220
1447.42 220
1447.5 221
1447.58 220
1447.66 220
1447.73 221
1447.81 221
1447.89 220
1447.97 220
1448.05 220
1448.12 221
1448.2 221
1448.28 220
1448.36 220
1448.44 220
1448.52 221
1448.59 221
1448.67 220
1448.75 221
1448.83 221
1448.91 221
1448.98 221
1449.06 220
1449.14 220
1449.22 220
1449.3 221
1449.38 221
1449.45 220
1449.53 220
1449.61 221
1449.69 221
1449.77 221
1449.84 221
1449.92 220
1450 221
1450.08 220
1450.16 221
1450.23 220
1450.31 221
1450.39 221
1450.47 220
1450.55 221
1450.62 221
1450.7 220
1450.78 220
1450.86 220
1450.94 220
1451.02 220
1451.09 221
1451.17 220
1451.25 220
1451.33 221
1451.41 220
1451.48 220
1451.56 221
1451.64 221
1451.72 221
1451.8 220
1451.88 220
1451.95 220
1452.03 220
1452.11 220
1452.19 221
1452.27 221
1452.34 220
1452.42 221
1452.5 220
1452.58 220
1452.66 221
1452.73 220
1452.81 220
1452.89 220
1452.97 221
1453.05 221
1453.12 221
1453.2 220
1453.28 221
1453.36 221
1453.44 220
1453.52 221
1453.59 221
1453.67 220
1453.75 221
1453.83 221
1453.91 220
1453.98 221
1454.06 220
1454.14 221
1454.22 221
1454.3 221
1454.38 220
1454.45 221
1454.53 221
1454.61 220
1454.69 221
1454.77 220
1454.84 220
1454.92 220
1455 220
1455.08 220
1455.16 220
1455.23 221
1455.31 220
1455.39 220
1455.47 220
1455.55 220
1455.62 221
1455.7 221
1455.78 220
1455.86 221
1455.94 221
1456.02 220
1456.09 220
1456.17 220
1456.25 220
1456.33 220
1456.41 221
1456.48 220
1456.56 221
1456.64 221
1456.72 221
1456.8 221
1456.88 221
1456.95 221
1457.03 221
1457.11 220
1457.19 220
1457.27 221
1457.34 221
1457.42 220
1457.5 220
1457.58 221
1457.66 220
1457.73 221
1457.81 221
1457.89 220
1457.97 221
1458.05 220
1458.12 221
1458.2 220
1458.28 221
1458.36 221
1458.44 221
1458.52 220
1458.59 220
1458.67 221
1458.75 221
1458.83 220
1458.91 221
1458.98 220
1459.06 221
1459.14 220
1459.22 221
1459.3 221
1459.38 221
1459.45 220
1459.53 221
1459.61 221
1459.69 221
1459.77 221
1459.84 221
1459.92 221
1460 221
1460.08 220
1460.16 221
1460.23 220
1460.31 220
1460.39 220
1460.47 220
1460.55 220
1460.62 220
1460.7 221
1460.78 221
1460.86 221
1460.94 221
1461.02 221
1461.09 220
1461.17 220
1461.25 221
1461.33 220
1461.41 221
1461.48 220
1461.56 220
1461.64 221
1461.72 220
1461.8 220
1461.88 220
1461.95 220
1462.03 221
1462.11 220
1462.19 221
1462.27 221
1462.34 220
1462.42 220
1462.5 220
1462.58 221
1462.66 220
1462.73 220
1462.81 221
1462.89 220
1462.97 220
1463.05 220
1463.12 221
1463.2 221
1463.28 220
1463.36 221
1463.44 221
1463.52 220
1463.59 220
1463.67 221
1463.75 221
1463.83 220
1463.91 220
1463.98 221
1464.06 221
1464.14 220
1464.22 221
1464.3 221
1464.38 221
1464.45 220
1464.53 221
1464.61 221
1464.69 221
1464.77 221
1464.84 220
1464.92 220
1465 220
1465.08 220
1465.16 220
1465.23 221
1465.31 221
1465.39 221
1465.47 220
1465.55 221
1465.62 221
1465.7 220
1465.78 220
1465.86 221
1465.94 220
1466.02 221
1466.09 221
1466.17 220
1466.25 220
1466.33 220
1466.41 220
1466.48 221
1466.56 221
1466.64 221
1466.72 220
1466.8 220
1466.88 221
1466.95 221
1467.03 221
1467.11 220
1467.19 220
1467.27 221
1467.34 220
1467.42 220
1467.5 220
1467.58 220
1467.66 220
1467.73 221
1467.81 221
1467.89 221
1467.97 220
1468.05 220
1468.12 221
1468.2 220
1468.28 220
1468.36 221
1468.44 221
1468.52 220
1468.59 221
1468.67 221
1468.75 221
1468.83 221
1468.91 221
1468.98 221
1469.06 221
1469.14 220
1469.22 220
1469.3 220
1469.38 221
1469.45 221
1469.53 221
1469.61 220
1469.69 221
1469.77 221
1469.84 220
1469.92 221
1470 220
1470.08 220
1470.16 221
1470.23 220
1470.31 221
1470.39 221
1470.47 221
1470.55 220
1470.62 220
1470.7 221
1470.78 221
1470.86 220
1470.94 220
1471.02 221
1471.09 221
1471.17 220
1471.25 221
1471.33 220
1471.41 220
1471.48 220
1471.56 220
1471.64 220
1471.72 220
1471.8 221
1471.88 221
1471.95 220
1472.03 220
1472.11 221
1472.19 221
1472.27 220
1472.34 220
1472.42 221
1472.5 221
1472.58 221
1472.66 220
1472.73 220
1472.81 221
1472.89 220
1472.97 220
1473.05 221
1473.12 221
1473.2 220
1473.28 221
1473.36 220
1473.44 220
1473.52 221
1473.59 220
1473.67 220
1473.75 220
1473.83 220
1473.91 220
1473.98 221
1474.06 220
1474.14 220
1474.22 221
1474.3 221
1474.38 221
1474.45 221
1474.53 220
1474.61 221
1474.69 220
1474.77 221
1474.84 220
1474.92 221
1475 220
1475.08 221
1475.16 221
1475.23 220
1475.31 221
1475.39 221
1475.47 220
1475.55 221
1475.62 220
1475.7 221
1475.78 220
1475.86 221
1475.94 220
1476.02 221
1476.09 221
1476.17 220
1476.25 221
1476.33 220
1476.41 220
1476.48 220
1476.56 221
1476.64 220
1476.72 220
1476.8 220
1476.88 220
1476.95 221
1477.03 221
1477.11 221
1477.19 221
1477.27 221
1477.34 220
1477.42 220
1477.5 220
1477.58 221
1477.66 221
1477.73 221
1477.81 221
1477.89 220
1477.97 221
1478.05 221
1478.12 220
1478.2 221
1478.28 220
1478.36 220
1478.44 220
1478.52 220
1478.59 220
1478.67 220
1478.75 220
1478.83 220
1478.91 221
1478.98 220
1479.06 221
1479.14 220
1479.22 221
1479.3 220
1479.38 221
1479.45 221
1479.53 220
1479.61 220
1479.69 221
1479.77 220
1479.84 220
1479.92 221
1480 220
1480.08 220
1480.16 220
1480.23 220
1480.31 220
1480.39 220
1480.47 220
1480.55 221
1480.62 221
1480.7 221
1480.78 221
1480.86 220
1480.94 220
1481.02 220
1481.09 220
1481.17 220
1481.25 221
1481.33 221
1481.41 221
1481.48 220
1481.56 221
1481.64 220
1481.72 220
1481.8 220
1481.88 221
1481.95 221
1482.03 220
1482.11 220
1482.19 221
1482.27 220
1482.34 220
1482.42 221
1482.5 221
1482.58 220
1482.66 220
1482.73 221
1482.81 221
1482.89 221
1482.97 220
1483.05 220
1483.12 220
1483.2 220
1483.28 220
1483.36 220
1483.44 221
1483.52 221
1483.59 221
1483.67 220
1483.75 220
1483.83 220
1483.91 220
1483.98 221
1484.06 220
1484.14 220
1484.22 221
1484.3 221
1484.38 220
1484.45 220
1484.53 220
1484.61 220
1484.69 221
1484.77 220
1484.84 221
1484.92 220
1485 220
1485.08 220
1485.16 221
1485.23 220
1485.31 220
1485.39 220
1485.47 221
1485.55 221
1485.62 221
1485.7 220
1485.78 221
1485.86 221
1485.94 221
1486.02 220
1486.09 220
1486.17 221
1486.25 221
1486.33 220
1486.41 220
1486.48 220
1486.56 221
