0 187
2 189
4 189
6 190
8 189
10 190
12 190
14 190
16 189
18 189
20 190
22 190
24 190
26 190
28 190
30 189
32 189
34 189
36 190
38 190
40 189
42 189
44 190
46 190
48 189
50 189
52 189
54 190
56 189
58 189
60 190
62 190
64 190
66 192
68 191
70 191
72 192
74 191
76 191
78 192
80 191
82 192
84 191
86 191
88 191
90 191
92 191
94 191
96 192
98 189
100 190
102 189
104 189
106 190
108 189
110 189
112 190
114 188
116 189
118 189
120 190
122 189
124 190
126 189
128 189
130 188
132 187
134 188
136 189
138 188
140 189
142 187
144 189
146 188
148 189
150 188
152 188
154 187
156 189
158 188
160 187
162 189
164 188
166 188
168 189
170 188
172 189
174 188
176 189
178 189
180 189
182 188
184 189
186 188
188 188
190 188
192 189
194 188
196 187
198 188
200 187
202 188
204 187
206 187
208 188
210 188
212 188
214 187
216 187
218 188
220 187
222 187
224 188
226 185
228 184
230 184
232 185
234 184
236 184
238 184
240 184
242 185
244 185
246 184
248 184
250 185
252 184
254 184
256 186
258 187
260 187
262 187
264 188
266 187
268 184
270 187
272 187
274 187
276 188
278 187
280 188
282 187
284 188
286 187
288 188
290 189
292 189
294 189
296 186
298 188
300 187
302 188
304 188
306 188
308 189
310 187
312 187
314 188
316 188
318 189
320 188
322 187
324 188
326 187
328 187
330 187
332 187
334 188
336 189
338 188
340 187
342 188
344 188
346 187
348 188
350 189
352 187
354 188
356 189
358 189
360 189
362 188
364 188
366 188
368 188
370 188
372 187
374 189
376 187
378 188
380 187
382 187
384 189
386 188
388 188
390 188
392 187
394 187
396 188
398 187
400 188
402 187
404 187
406 188
408 187
410 187
412 188
414 188
416 187
418 188
420 187
422 187
424 187
426 187
428 188
430 187
432 187
434 187
436 187
438 188
440 188
442 187
444 188
446 188
448 188
450 186
452 186
454 186
456 186
458 186
460 187
462 188
464 186
466 186
468 187
470 188
472 186
474 186
476 188
478 187
480 186
482 186
484 187
486 185
488 186
490 186
492 184
494 185
496 187
498 185
500 186
502 187
504 185
506 186
508 185
510 186
512 184
514 187
516 186
518 184
520 186
522 186
524 187
526 187
528 186
530 186
532 185
534 186
536 186
538 186
540 186
542 186
544 187
546 186
548 187
550 186
552 186
554 184
556 187
558 185
560 186
562 187
564 187
566 187
568 187
570 187
572 187
574 186
576 187
578 185
580 186
582 187
584 185
586 187
588 186
590 187
592 187
594 183
596 186
598 187
600 186
602 186
604 186
606 184
608 184
610 184
612 186
614 186
616 185
618 186
620 185
622 186
624 186
626 184
628 184
630 186
632 185
634 185
636 186
638 186
640 187
642 187
644 187
646 185
648 186
650 187
652 184
654 187
656 187
658 184
660 185
662 186
664 187
666 186
668 186
670 186
672 187
674 186
676 185
678 187
680 188
682 186
684 185
686 187
688 188
690 186
692 187
694 188
696 186
698 184
700 187
702 188
704 186
706 187
708 187
710 187
712 187
714 188
716 188
718 187
720 184
722 187
724 186
726 187
728 188
730 186
732 186
734 186
736 186
738 188
740 188
742 186
744 188
746 187
748 186
750 188
752 187
754 188
756 188
758 187
760 187
762 187
764 188
766 187
768 188
770 188
772 186
774 186
776 187
778 187
780 187
782 187
784 187
786 186
788 187
790 186
792 189
794 187
796 187
798 188
800 188
802 187
804 188
806 188
808 188
810 189
812 187
814 189
816 187
818 188
820 189
822 186
824 187
826 188
828 189
830 188
832 189
834 187
836 189
838 187
840 187
842 186
844 188
846 188
848 189
850 188
852 187
854 189
856 188
858 188
860 188
862 187
864 187
866 188
868 189
870 187
872 188
874 187
876 190
878 187
880 186
882 188
884 189
886 187
888 187
890 188
892 187
894 188
896 189
898 191
900 188
902 188
904 190
906 189
908 189
910 189
912 187
914 188
916 191
918 189
920 191
922 189
924 187
926 187
928 188
930 188
932 190
934 187
936 191
938 191
940 187
942 191
944 191
946 191
948 191
950 187
952 191
954 191
956 186
958 191
960 191
962 191
964 191
966 190
968 191
970 191
972 191
974 191
976 191
978 191
980 191
982 191
984 189
986 191
988 191
990 190
992 189
994 191
996 191
998 191
1000 191
1002 191
1004 190
1006 191
1008 191
1010 190
1012 191
1014 191
1016 191
1018 191
1020 191
1022 191
1024 191
1026 191
1028 191
1030 191
1032 191
1034 191
1036 191
1038 191
1040 191
1042 191
1044 191
1046 191
1048 191
1050 191
1052 191
1054 191
1056 191
1058 191
1060 191
1062 191
1064 191
1066 191
1068 191
1070 191
1072 191
1074 191
1076 191
1078 191
1080 191
1082 191
1084 191
1086 191
1088 191
1090 191
1092 191
1094 191
1096 191
1098 191
1100 191
1102 191
1104 191
1106 191
1108 191
1110 191
1112 191
1114 191
1116 191
1118 191
1120 191
1122 191
1124 191
1126 191
1128 191
1130 191
1132 191
1134 191
1136 191
1138 191
1140 191
1142 191
1144 191
1146 191
1148 191
1150 191
1152 191
1154 191
1156 191
1158 191
1160 191
1162 191
1164 191
1166 191
1168 191
1170 191
1172 191
1174 191
1176 191
1178 191
1180 191
1182 191
1184 191
1186 191
1188 191
1190 191
1192 191
1194 191
1196 191
1198 191
1200 191
1202 191
1204 191
1206 191
1208 191
1210 191
1212 191
1214 191
1216 191
1218 191
1220 191
1222 191
1224 191
1226 191
1228 191
1230 191
1232 191
1234 191
1236 191
1238 191
1240 191
1242 191
1244 191
1246 191
1248 191
1250 191
1252 191
1254 191
1256 191
1258 191
1260 191
1262 191
1264 191
1266 191
1268 191
1270 191
1272 191
1274 191
1276 191
1278 191
1280 191
1282 191
1284 191
1286 191
1288 191
1290 191
1292 191
1294 191
1296 191
1298 191
1300 191
1302 191
1304 191
1306 191
1308 191
1310 191
1312 191
1314 191
1316 191
1318 191
1320 191
1322 191
1324 191
1326 191
1328 191
1330 191
1332 191
1334 191
1336 191
1338 191
1340 191
1342 191
1344 191
1346 191
1348 191
1350 191
1352 191
1354 191
1356 191
1358 191
1360 191
1362 191
1364 191
1366 191
1368 191
1370 191
1372 191
1374 191
1376 191
1378 191
1380 191
1382 191
1384 191
1386 191
1388 191
1390 191
1392 191
1394 191
1396 191
1398 191
1400 191
1402 191
1404 191
1406 191
1408 191
1410 191
1412 191
1414 191
1416 191
1418 191
1420 191
1422 191
1424 191
1426 191
1428 191
1430 191
1432 191
1434 191
1436 191
1438 191
1440 191
1442 191
1444 191
1446 191
1448 191
1450 191
1452 191
1454 191
1456 191
1458 191
1460 191
1462 191
1464 191
1466 191
1468 191
1470 191
1472 191
1474 191
1476 191
1478 191
1480 191
1482 191
1484 191
1486 191
1488 191
1490 191
1492 191
1494 191
1496 191
1498 191
1500 191
1502 191
1504 191
1506 191
1508 191
1510 191
1512 191
1514 191
1516 191
1518 191
1520 191
1522 191
1524 191
1526 191
1528 191
1530 191
1532 191
1534 191
1536 191
1538 191
1540 191
1542 191
1544 191
1546 191
1548 191
1550 191
1552 191
1554 191
1556 191
1558 191
1560 191
1562 191
1564 191
1566 191
1568 191
1570 191
1572 191
1574 191
1576 191
1578 191
1580 191
1582 191
1584 191
1586 191
1588 191
1590 191
1592 191
1594 191
1596 191
1598 191
1600 191
1602 191
1604 191
1606 191
1608 191
1610 191
1612 191
1614 191
1616 191
1618 191
1620 191
1622 191
1624 191
1626 191
1628 191
1630 191
1632 191
1634 191
1636 191
1638 191
1640 191
1642 191
1644 191
1646 191
1648 191
1650 191
1652 191
1654 191
1656 191
1658 191
1660 191
1662 191
1664 191
1666 191
1668 191
1670 191
1672 191
1674 191
1676 191
1678 191
1680 191
1682 191
1684 191
1686 191
1688 191
1690 191
1692 191
1694 191
1696 191
1698 191
1700 191
1702 191
1704 191
1706 191
1708 191
1710 191
1712 191
1714 191
1716 191
1718 191
1720 191
1722 191
1724 191
1726 191
1728 191
1730 191
1732 191
1734 191
1736 191
1738 191
1740 191
1742 191
1744 191
1746 191
1748 191
1750 191
1752 191
1754 191
1756 191
1758 191
1760 191
1762 191
1764 191
1766 191
1768 191
1770 191
1772 191
1774 191
1776 191
1778 191
1780 191
1782 191
1784 191
1786 191
1788 191
1790 191
1792 191
1794 191
1796 191
1798 191
1800 191
1802 191
1804 191
1806 191
1808 191
1810 191
1812 191
1814 191
1816 191
1818 191
1820 191
1822 191
1824 191
1826 191
1828 191
1830 191
1832 191
1834 191
1836 191
1838 191
1840 191
1842 191
1844 191
1846 191
1848 191
1850 191
1852 191
1854 191
1856 191
1858 191
1860 191
1862 191
1864 191
1866 191
1868 191
1870 191
1872 191
1874 191
1876 191
1878 191
1880 191
1882 191
1884 191
1886 191
1888 191
1890 191
1892 191
1894 191
1896 191
1898 191
1900 191
1902 191
1904 191
1906 191
1908 191
1910 191
1912 191
1914 191
1916 191
1918 191
1920 191
1922 191
1924 191
1926 191
1928 191
1930 191
1932 191
1934 191
1936 191
1938 191
1940 191
1942 191
1944 191
1946 191
1948 191
1950 191
1952 191
1954 191
1956 191
1958 191
1960 191
1962 191
1964 191
1966 191
1968 191
1970 191
1972 191
1974 191
1976 191
1978 191
1980 191
1982 191
1984 191
1986 191
1988 191
1990 191
1992 191
1994 191
1996 191
1998 191
2000 191
2002 191
2004 191
2006 191
2008 191
2010 191
2012 191
2014 191
2016 191
2018 191
2020 191
2022 191
2024 191
2026 191
2028 191
2030 191
2032 191
2034 191
2036 191
2038 191
2040 191
2042 191
2044 191
2046 191
2048 191
2050 191
2052 191
2054 191
2056 191
2058 191
2060 191
2062 191
2064 191
2066 191
2068 191
2070 191
2072 191
2074 191
2076 191
2078 191
2080 191
2082 191
2084 191
2086 191
2088 191
2090 191
2092 191
2094 191
2096 191
2098 191
2100 191
2102 191
2104 191
2106 191
2108 191
2110 191
2112 191
2114 191
2116 191
2118 191
2120 191
2122 191
2124 191
2126 191
2128 191
2130 191
2132 191
2134 191
2136 191
2138 191
2140 191
2142 191
2144 191
2146 191
2148 191
2150 191
2152 191
2154 191
2156 191
2158 191
2160 191
2162 191
2164 191
2166 191
2168 191
2170 191
2172 191
2174 191
2176 191
2178 191
2180 191
2182 191
2184 191
2186 191
2188 191
2190 191
2192 191
2194 191
2196 191
2198 191
2200 191
2202 191
2204 191
2206 191
2208 191
2210 191
2212 191
2214 191
2216 191
2218 191
2220 191
2222 191
2224 191
2226 191
2228 191
2230 191
2232 191
2234 191
2236 191
2238 191
2240 191
2242 191
2244 191
2246 191
2248 191
2250 191
2252 191
2254 191
2256 191
2258 191
2260 191
2262 191
2264 191
2266 191
2268 191
2270 191
2272 191
2274 191
2276 191
2278 191
2280 191
2282 191
2284 191
2286 191
2288 191
2290 191
2292 191
2294 191
2296 191
2298 191
2300 191
2302 191
2304 191
2306 191
2308 191
2310 191
2312 191
2314 191
2316 191
2318 191
2320 191
2322 191
2324 191
2326 191
2328 191
2330 191
2332 191
2334 191
2336 191
2338 191
2340 191
2342 191
2344 191
2346 191
2348 191
2350 191
2352 191
2354 191
2356 191
2358 191
2360 191
2362 191
2364 191
2366 191
2368 191
2370 191
2372 191
2374 191
2376 191
2378 191
2380 191
2382 191
2384 191
2386 191
2388 191
2390 191
2392 191
2394 191
2396 191
2398 191
2400 191
2402 191
2404 191
2406 191
2408 191
2410 191
2412 191
2414 191
2416 191
2418 191
2420 191
2422 191
2424 191
2426 191
2428 191
2430 191
2432 191
2434 191
2436 191
2438 191
2440 191
2442 191
2444 191
2446 191
2448 191
2450 191
2452 191
2454 191
2456 191
2458 191
2460 191
2462 191
2464 191
2466 191
2468 191
2470 191
2472 191
2474 191
2476 191
2478 191
2480 191
2482 191
2484 191
2486 191
2488 191
2490 191
2492 191
2494 191
2496 191
2498 191
2500 191
2502 191
2504 191
2506 191
2508 191
2510 191
2512 191
2514 191
2516 191
2518 191
2520 191
2522 191
2524 191
2526 191
2528 191
2530 191
2532 191
2534 191
2536 191
2538 191
2540 191
2542 191
2544 191
2546 191
2548 191
2550 191
2552 191
2554 191
2556 191
2558 191
2560 191
2562 191
2564 191
2566 191
2568 191
2570 191
2572 191
2574 191
2576 191
2578 191
2580 191
2582 191
2584 191
2586 191
2588 191
2590 191
2592 191
2594 191
2596 191
2598 191
2600 191
2602 191
2604 191
2606 191
2608 191
2610 191
2612 191
2614 191
2616 191
2618 191
2620 191
2622 191
2624 191
2626 191
2628 191
2630 191
2632 191
2634 191
2636 191
2638 191
2640 191
2642 191
2644 191
2646 191
2648 191
2650 191
2652 191
2654 191
2656 191
2658 191
2660 191
2662 191
2664 191
2666 191
2668 191
2670 191
2672 191
2674 191
2676 191
2678 191
2680 191
2682 191
2684 191
2686 191
2688 191
2690 191
2692 191
2694 191
2696 191
2698 191
2700 191
2702 191
2704 191
2706 191
2708 191
2710 191
2712 191
2714 191
2716 191
2718 191
2720 191
2722 191
2724 191
2726 191
2728 191
2730 191
2732 191
2734 191
2736 191
2738 191
2740 191
2742 191
2744 191
2746 191
2748 191
2750 191
2752 191
2754 191
2756 191
2758 191
2760 191
2762 191
2764 191
2766 191
2768 191
2770 191
2772 191
2774 191
2776 191
2778 191
2780 191
2782 191
2784 191
2786 191
2788 191
2790 191
2792 191
2794 191
2796 191
2798 191
2800 191
2802 191
2804 191
2806 191
2808 191
2810 191
2812 191
2814 191
2816 191
2818 191
2820 191
2822 191
2824 191
2826 191
2828 191
2830 191
2832 191
2834 191
2836 191
2838 191
2840 191
2842 191
2844 191
2846 191
2848 191
2850 191
2852 191
2854 191
2856 191
2858 191
2860 191
2862 191
2864 191
2866 191
2868 191
2870 191
2872 191
2874 191
2876 191
2878 191
2880 191
2882 191
2884 191
2886 191
2888 191
2890 191
2892 191
2894 191
2896 191
2898 191
2900 191
2902 191
2904 191
2906 191
2908 191
2910 191
2912 191
2914 191
2916 191
2918 191
2920 191
2922 191
2924 191
2926 191
2928 191
2930 191
2932 191
2934 191
2936 191
2938 191
2940 191
2942 191
2944 191
2946 191
2948 191
2950 191
2952 191
2954 191
2956 191
2958 191
2960 191
2962 191
2964 191
2966 191
2968 191
2970 191
2972 191
2974 191
2976 191
2978 191
2980 191
2982 191
2984 191
2986 191
2988 191
2990 191
2992 191
2994 191
2996 191
2998 191
3000 191
3002 191
3004 191
3006 191
3008 191
3010 191
3012 191
3014 191
3016 191
3018 191
3020 191
3022 191
3024 191
3026 191
3028 191
3030 191
3032 191
3034 191
3036 191
3038 191
3040 191
3042 191
3044 191
3046 191
3048 191
3050 191
3052 191
3054 191
3056 191
3058 191
3060 191
3062 191
3064 191
3066 191
3068 191
3070 191
3072 191
3074 191
3076 191
3078 191
3080 191
3082 191
3084 191
3086 191
3088 191
3090 191
3092 191
3094 191
3096 191
3098 191
3100 191
3102 191
3104 191
3106 191
3108 191
3110 191
3112 191
3114 191
3116 191
3118 191
3120 191
3122 191
3124 191
3126 191
3128 191
3130 191
3132 191
3134 191
3136 191
3138 191
3140 191
3142 191
3144 191
3146 191
3148 191
3150 191
3152 191
3154 191
3156 191
3158 191
3160 191
3162 191
3164 191
3166 191
3168 191
3170 191
3172 191
3174 191
3176 191
3178 191
3180 191
3182 191
3184 191
3186 191
3188 191
3190 191
3192 191
3194 191
3196 191
3198 191
3200 191
3202 191
3204 191
3206 191
3208 191
3210 191
3212 191
3214 191
3216 191
3218 191
3220 191
3222 191
3224 191
3226 191
3228 191
3230 191
3232 191
3234 191
3236 191
3238 191
3240 191
3242 191
3244 191
3246 191
3248 191
3250 191
3252 191
3254 191
3256 191
3258 191
3260 191
3262 191
3264 191
3266 191
3268 191
3270 191
3272 191
3274 191
3276 191
3278 191
3280 191
3282 191
3284 191
3286 191
3288 191
3290 191
3292 191
3294 191
3296 191
3298 191
3300 191
3302 191
3304 191
3306 191
3308 191
3310 191
3312 191
3314 191
3316 191
3318 191
3320 191
3322 191
3324 191
3326 191
3328 191
3330 191
3332 191
3334 191
3336 191
3338 191
3340 191
3342 191
3344 191
3346 191
3348 191
3350 191
3352 191
3354 191
3356 191
3358 191
3360 191
3362 191
3364 191
3366 191
3368 191
3370 191
3372 191
3374 191
3376 191
3378 191
3380 191
3382 191
3384 191
3386 191
3388 191
3390 191
3392 191
3394 191
3396 191
3398 191
3400 191
3402 191
3404 191
3406 191
3408 191
3410 191
3412 191
3414 191
3416 191
3418 191
3420 191
3422 191
3424 191
3426 191
3428 191
3430 191
3432 191
3434 191
3436 191
3438 191
3440 191
3442 191
3444 191
3446 191
3448 191
3450 191
3452 191
3454 191
3456 191
3458 191
3460 191
3462 191
3464 191
3466 191
3468 191
3470 191
3472 191
3474 191
3476 191
3478 191
3480 191
3482 191
3484 191
3486 191
3488 191
3490 191
3492 191
3494 191
3496 191
3498 191
3500 191
3502 191
3504 191
3506 191
3508 191
3510 191
3512 191
3514 191
3516 191
3518 191
3520 191
3522 191
3524 191
3526 191
3528 191
3530 191
3532 191
3534 191
3536 191
3538 191
3540 191
3542 191
3544 191
3546 191
3548 191
3550 191
3552 191
3554 191
3556 191
3558 191
3560 191
3562 191
3564 191
3566 191
3568 191
3570 191
3572 191
3574 191
3576 191
3578 191
3580 191
3582 191
3584 191
3586 191
3588 191
3590 191
3592 191
3594 191
3596 191
3598 191
3600 191
3602 191
3604 191
3606 191
3608 191
3610 191
3612 191
3614 191
3616 191
3618 191
3620 191
3622 191
3624 191
3626 191
3628 191
3630 191
3632 191
3634 191
3636 191
3638 191
3640 191
3642 191
3644 191
3646 191
3648 191
3650 191
3652 191
3654 191
3656 191
3658 191
3660 191
3662 191
3664 191
3666 191
3668 191
3670 191
3672 191
3674 191
3676 191
3678 191
3680 191
3682 191
3684 191
3686 191
3688 191
3690 191
3692 191
3694 191
3696 191
3698 191
3700 191
3702 191
3704 191
3706 191
3708 191
3710 191
3712 191
3714 191
3716 191
3718 191
3720 191
3722 191
3724 191
3726 191
3728 191
3730 191
3732 191
3734 191
3736 191
3738 191
3740 191
3742 191
3744 191
3746 191
3748 191
3750 191
3752 191
3754 191
3756 191
3758 191
3760 191
3762 191
3764 191
3766 191
3768 191
3770 191
3772 191
3774 191
3776 191
3778 191
3780 191
3782 191
3784 191
3786 191
3788 191
3790 191
3792 191
3794 191
3796 191
3798 191
3800 191
3802 191
3804 191
3806 191
3808 191
3810 191
3812 191
3814 191
3816 191
3818 191
3820 191
3822 191
3824 191
3826 191
3828 191
3830 191
3832 191
3834 191
3836 191
3838 191
3840 191
3842 191
3844 191
3846 191
3848 191
3850 191
3852 191
3854 191
3856 191
3858 191
3860 191
3862 191
3864 191
3866 191
3868 191
3870 191
3872 191
3874 191
3876 191
3878 191
3880 191
3882 191
3884 191
3886 191
3888 191
3890 191
3892 191
3894 191
3896 191
3898 191
3900 191
3902 191
3904 191
3906 191
3908 191
3910 191
3912 191
3914 191
3916 191
3918 191
3920 191
3922 191
3924 191
3926 191
3928 191
3930 191
3932 191
3934 191
3936 191
3938 191
3940 191
3942 191
3944 191
3946 191
3948 191
3950 191
3952 191
3954 191
3956 191
3958 191
3960 191
3962 191
3964 191
3966 191
3968 191
3970 191
3972 191
3974 191
3976 191
3978 191
3980 191
3982 191
3984 191
3986 191
3988 191
3990 191
3992 191
3994 191
3996 191
3998 191
4000 191
4002 191
4004 191
4006 191
4008 191
4010 191
4012 191
4014 191
4016 191
4018 191
4020 191
4022 191
4024 191
4026 191
4028 191
4030 191
4032 191
4034 191
4036 191
4038 191
4040 191
4042 191
4044 191
4046 191
4048 191
4050 191
4052 191
4054 191
4056 191
4058 191
4060 191
4062 191
4064 191
4066 191
4068 191
4070 191
4072 191
4074 191
4076 191
4078 191
4080 191
4082 191
4084 191
4086 191
4088 191
4090 191
4092 191
4094 191
4096 191
4098 191
4100 191
4102 191
4104 191
4106 191
4108 191
4110 191
4112 191
4114 191
4116 191
4118 191
4120 191
4122 191
4124 191
4126 191
4128 191
4130 191
4132 191
4134 191
4136 191
4138 191
4140 191
4142 191
4144 191
4146 191
4148 191
4150 191
4152 191
4154 191
4156 191
4158 191
4160 191
4162 191
4164 191
4166 191
4168 191
4170 191
4172 191
4174 191
4176 191
4178 191
4180 191
4182 191
4184 191
4186 191
4188 191
4190 191
4192 191
4194 191
4196 191
4198 191
4200 191
4202 191
4204 191
4206 191
4208 191
4210 191
4212 191
4214 191
4216 191
4218 191
4220 191
4222 191
4224 191
4226 191
4228 191
4230 191
4232 191
4234 191
4236 191
4238 191
4240 191
4242 191
4244 191
4246 191
4248 191
4250 191
4252 191
4254 191
4256 191
4258 191
4260 191
4262 191
4264 191
4266 191
4268 191
4270 191
4272 191
4274 191
4276 191
4278 191
4280 191
4282 191
4284 191
4286 191
4288 191
4290 191
4292 191
4294 191
4296 191
4298 191
4300 191
4302 191
4304 191
4306 191
4308 191
4310 191
4312 191
4314 191
4316 191
4318 191
4320 191
4322 191
4324 191
4326 191
4328 191
4330 191
4332 191
4334 191
4336 191
4338 191
4340 191
4342 191
4344 191
4346 191
4348 191
4350 191
4352 191
4354 191
4356 191
4358 191
4360 191
4362 191
4364 191
4366 191
4368 191
4370 191
4372 191
4374 191
4376 191
4378 191
4380 191
4382 191
4384 191
4386 191
4388 191
4390 191
4392 191
4394 191
4396 191
4398 191
4400 191
4402 191
4404 191
4406 191
4408 191
4410 191
4412 191
4414 191
4416 191
4418 191
4420 191
4422 191
4424 191
4426 191
4428 191
4430 191
4432 191
4434 191
4436 191
4438 191
4440 191
4442 191
4444 191
4446 191
4448 191
4450 191
4452 191
4454 191
4456 191
4458 191
4460 191
4462 191
4464 191
4466 191
4468 191
4470 191
4472 191
4474 191
4476 191
4478 191
4480 191
4482 191
4484 191
4486 191
4488 191
4490 191
4492 191
4494 191
4496 191
4498 191
4500 191
4502 191
4504 191
4506 191
4508 191
4510 191
4512 191
4514 191
4516 191
4518 191
4520 191
4522 191
4524 191
4526 191
4528 191
4530 191
4532 191
4534 191
4536 191
4538 191
4540 191
4542 191
4544 191
4546 191
4548 191
4550 191
4552 191
4554 191
4556 191
4558 191
4560 191
4562 191
4564 191
4566 191
4568 191
4570 191
4572 191
4574 191
4576 191
4578 191
4580 191
4582 191
4584 191
4586 191
4588 191
4590 191
4592 191
4594 191
4596 191
4598 191
4600 191
4602 191
4604 191
4606 191
4608 191
4610 191
4612 191
4614 191
4616 191
4618 191
4620 191
4622 191
4624 191
4626 191
4628 191
4630 191
4632 191
4634 191
4636 191
4638 191
4640 191
4642 191
4644 191
4646 191
4648 191
4650 191
4652 191
4654 191
4656 191
4658 191
4660 191
4662 191
4664 191
4666 191
4668 191
4670 191
4672 191
4674 191
4676 191
4678 191
4680 191
4682 191
4684 191
4686 191
4688 191
4690 191
4692 191
4694 191
4696 191
4698 191
4700 191
4702 191
4704 191
4706 191
4708 191
4710 191
4712 191
4714 191
4716 191
4718 191
4720 191
4722 191
4724 191
4726 191
4728 191
4730 191
4732 191
4734 191
4736 191
4738 191
4740 191
4742 191
4744 191
4746 191
4748 191
4750 191
4752 191
4754 191
4756 191
4758 191
4760 191
4762 191
4764 191
4766 191
4768 191
4770 191
4772 191
4774 191
4776 191
4778 191
4780 191
4782 191
4784 191
4786 191
4788 191
4790 191
4792 191
4794 191
4796 191
4798 191
4800 191
4802 191
4804 191
4806 191
4808 191
4810 191
4812 191
4814 191
4816 191
4818 191
4820 191
4822 191
4824 191
4826 191
4828 191
4830 191
4832 191
4834 191
4836 191
4838 191
4840 191
4842 191
4844 191
4846 191
4848 191
4850 191
4852 191
4854 191
4856 191
4858 191
4860 191
4862 191
4864 191
4866 191
4868 191
4870 191
4872 191
4874 191
4876 191
4878 191
4880 191
4882 191
4884 191
4886 191
4888 191
4890 191
4892 191
4894 191
4896 191
4898 191
4900 191
4902 191
4904 191
4906 191
4908 191
4910 191
4912 191
4914 191
4916 191
4918 191
4920 191
4922 191
4924 191
4926 191
4928 191
4930 191
4932 191
4934 191
4936 191
4938 191
4940 191
4942 191
4944 191
4946 191
4948 191
4950 191
4952 191
4954 191
4956 191
4958 191
4960 191
4962 191
4964 191
4966 191
4968 191
4970 191
4972 191
4974 191
4976 191
4978 191
4980 191
4982 191
4984 191
4986 191
4988 191
4990 191
4992 191
4994 191
4996 191
4998 191
