1250 193
1250.08 197
1250.16 196
1250.23 197
1250.31 193
1250.39 197
1250.47 196
1250.55 196
1250.62 193
1250.7 197
1250.78 196
1250.86 197
1250.94 192
1251.02 196
1251.09 196
1251.17 196
1251.25 192
1251.33 196
1251.41 197
1251.48 197
1251.56 192
1251.64 197
1251.72 196
1251.8 196
1251.88 193
1251.95 196
1252.03 196
1252.11 195
1252.19 192
1252.27 196
1252.34 196
1252.42 196
1252.5 193
1252.58 196
1252.66 196
1252.73 196
1252.81 193
1252.89 196
1252.97 197
1253.05 194
1253.12 193
1253.2 196
1253.28 197
1253.36 197
1253.44 192
1253.52 196
1253.59 197
1253.67 196
1253.75 193
1253.83 196
1253.91 196
1253.98 196
1254.06 193
1254.14 196
1254.22 197
1254.3 196
1254.38 192
1254.45 196
1254.53 197
1254.61 197
1254.69 193
1254.77 196
1254.84 196
1254.92 197
1255 192
1255.08 195
1255.16 197
1255.23 197
1255.31 193
1255.39 196
1255.47 196
1255.55 196
1255.62 193
1255.7 197
1255.78 196
1255.86 197
1255.94 193
1256.02 196
1256.09 196
1256.17 197
1256.25 193
1256.33 196
1256.41 197
1256.48 196
1256.56 193
1256.64 197
1256.72 197
1256.8 197
1256.88 193
1256.95 195
1257.03 197
1257.11 196
1257.19 193
1257.27 197
1257.34 197
1257.42 197
1257.5 193
1257.58 197
1257.66 195
1257.73 195
1257.81 192
1257.89 196
1257.97 196
1258.05 197
1258.12 193
1258.2 197
1258.28 196
1258.36 196
1258.44 193
1258.52 196
1258.59 196
1258.67 197
1258.75 193
1258.83 197
1258.91 197
1258.98 196
1259.06 193
1259.14 196
1259.22 197
1259.3 197
1259.38 193
1259.45 196
1259.53 196
1259.61 195
1259.69 193
1259.77 196
1259.84 196
1259.92 196
1260 193
1260.08 196
1260.16 196
1260.23 197
1260.31 193
1260.39 196
1260.47 196
1260.55 196
1260.62 193
1260.7 196
1260.78 197
1260.86 197
1260.94 193
1261.02 196
1261.09 196
1261.17 197
1261.25 193
1261.33 197
1261.41 197
1261.48 197
1261.56 193
1261.64 197
1261.72 197
1261.8 197
1261.88 193
1261.95 196
1262.03 197
1262.11 196
1262.19 193
1262.27 197
1262.34 196
1262.42 197
1262.5 193
1262.58 197
1262.66 197
1262.73 197
1262.81 193
1262.89 197
1262.97 196
1263.05 197
1263.12 193
1263.2 195
1263.28 197
1263.36 197
1263.44 193
1263.52 195
1263.59 197
1263.67 197
1263.75 193
1263.83 196
1263.91 197
1263.98 197
1264.06 193
1264.14 197
1264.22 197
1264.3 197
1264.38 193
1264.45 197
1264.53 197
1264.61 197
1264.69 192
1264.77 197
1264.84 197
1264.92 197
1265 193
1265.08 196
1265.16 197
1265.23 197
1265.31 193
1265.39 197
1265.47 197
1265.55 197
1265.62 193
1265.7 195
1265.78 195
1265.86 197
1265.94 193
1266.02 197
1266.09 198
1266.17 197
1266.25 193
1266.33 197
1266.41 196
1266.48 197
1266.56 192
1266.64 197
1266.72 197
1266.8 197
1266.88 193
1266.95 197
1267.03 197
1267.11 197
1267.19 193
1267.27 197
1267.34 197
1267.42 196
1267.5 193
1267.58 197
1267.66 197
1267.73 197
1267.81 193
1267.89 196
1267.97 197
1268.05 197
1268.12 193
1268.2 197
1268.28 197
1268.36 197
1268.44 193
1268.52 197
1268.59 197
1268.67 197
1268.75 193
1268.83 197
1268.91 197
1268.98 197
1269.06 193
1269.14 197
1269.22 197
1269.3 197
1269.38 193
1269.45 197
1269.53 197
1269.61 196
1269.69 193
1269.77 197
1269.84 197
1269.92 197
1270 193
1270.08 197
1270.16 197
1270.23 197
1270.31 193
1270.39 195
1270.47 197
1270.55 197
1270.62 193
1270.7 197
1270.78 197
1270.86 197
1270.94 193
1271.02 197
1271.09 197
1271.17 197
1271.25 193
1271.33 197
1271.41 197
1271.48 197
1271.56 193
1271.64 197
1271.72 197
1271.8 197
1271.88 193
1271.95 198
1272.03 197
1272.11 197
1272.19 193
1272.27 197
1272.34 197
1272.42 197
1272.5 193
1272.58 197
1272.66 197
1272.73 197
1272.81 193
1272.89 197
1272.97 197
1273.05 197
1273.12 192
1273.2 197
1273.28 196
1273.36 195
1273.44 192
1273.52 196
1273.59 198
1273.67 197
1273.75 193
1273.83 197
1273.91 198
1273.98 197
1274.06 193
1274.14 197
1274.22 197
1274.3 197
1274.38 193
1274.45 197
1274.53 197
1274.61 197
1274.69 193
1274.77 197
1274.84 197
1274.92 197
1275 193
1275.08 197
1275.16 197
1275.23 197
1275.31 193
1275.39 197
1275.47 197
1275.55 198
1275.62 193
1275.7 198
1275.78 197
1275.86 197
1275.94 193
1276.02 197
1276.09 197
1276.17 197
1276.25 193
1276.33 197
1276.41 197
1276.48 197
1276.56 193
1276.64 197
1276.72 197
1276.8 197
1276.88 193
1276.95 197
1277.03 197
1277.11 197
1277.19 193
1277.27 197
1277.34 197
1277.42 197
1277.5 193
1277.58 197
1277.66 197
1277.73 197
1277.81 193
1277.89 197
1277.97 197
1278.05 197
1278.12 193
1278.2 197
1278.28 197
1278.36 198
1278.44 193
1278.52 198
1278.59 197
1278.67 198
1278.75 193
1278.83 197
1278.91 198
1278.98 197
1279.06 193
1279.14 198
1279.22 197
1279.3 196
1279.38 193
1279.45 198
1279.53 198
1279.61 198
1279.69 194
1279.77 198
1279.84 198
1279.92 198
1280 194
1280.08 198
1280.16 198
1280.23 198
1280.31 194
1280.39 198
1280.47 199
1280.55 197
1280.62 195
1280.7 199
1280.78 199
1280.86 198
1280.94 194
1281.02 199
1281.09 200
1281.17 200
1281.25 195
1281.33 200
1281.41 200
1281.48 200
1281.56 196
1281.64 201
1281.72 200
1281.8 201
1281.88 196
1281.95 201
1282.03 201
1282.11 201
1282.19 197
1282.27 201
1282.34 202
1282.42 202
1282.5 197
1282.58 202
1282.66 202
1282.73 202
1282.81 198
1282.89 203
1282.97 203
1283.05 202
1283.12 198
1283.2 202
1283.28 203
1283.36 203
1283.44 199
1283.52 203
1283.59 203
1283.67 203
1283.75 199
1283.83 203
1283.91 202
1283.98 203
1284.06 200
1284.14 204
1284.22 204
1284.3 204
1284.38 200
1284.45 205
1284.53 205
1284.61 205
1284.69 201
1284.77 205
1284.84 205
1284.92 205
1285 201
1285.08 206
1285.16 206
1285.23 205
1285.31 202
1285.39 206
1285.47 207
1285.55 207
1285.62 202
1285.7 207
1285.78 207
1285.86 207
1285.94 203
1286.02 207
1286.09 207
1286.17 206
1286.25 204
1286.33 208
1286.41 208
1286.48 208
1286.56 204
1286.64 207
1286.72 208
1286.8 209
1286.88 204
1286.95 208
1287.03 209
1287.11 209
1287.19 205
1287.27 209
1287.34 209
1287.42 209
1287.5 205
1287.58 210
1287.66 210
1287.73 210
1287.81 206
1287.89 210
1287.97 210
1288.05 210
1288.12 206
1288.2 210
1288.28 210
1288.36 211
1288.44 207
1288.52 211
1288.59 211
1288.67 211
1288.75 207
1288.83 211
1288.91 212
1288.98 211
1289.06 208
1289.14 212
1289.22 212
1289.3 212
1289.38 208
1289.45 212
1289.53 213
1289.61 213
1289.69 209
1289.77 213
1289.84 213
1289.92 213
1290 209
1290.08 214
1290.16 214
1290.23 214
1290.31 210
1290.39 213
1290.47 213
1290.55 214
1290.62 210
1290.7 214
1290.78 215
1290.86 214
1290.94 210
1291.02 215
1291.09 215
1291.17 215
1291.25 211
1291.33 214
1291.41 216
1291.48 216
1291.56 211
1291.64 216
1291.72 217
1291.8 217
1291.88 212
1291.95 216
1292.03 217
1292.11 217
1292.19 213
1292.27 217
1292.34 217
1292.42 217
1292.5 213
1292.58 217
1292.66 217
1292.73 218
1292.81 214
1292.89 218
1292.97 218
1293.05 219
1293.12 214
1293.2 218
1293.28 219
1293.36 218
1293.44 215
1293.52 219
1293.59 219
1293.67 219
1293.75 215
1293.83 219
1293.91 220
1293.98 219
1294.06 216
1294.14 220
1294.22 220
1294.3 220
1294.38 216
1294.45 220
1294.53 221
1294.61 221
1294.69 217
1294.77 221
1294.84 221
1294.92 221
1295 217
1295.08 221
1295.16 221
1295.23 220
1295.31 218
1295.39 221
1295.47 222
1295.55 222
1295.62 218
1295.7 222
1295.78 222
1295.86 222
1295.94 218
1296.02 222
1296.09 223
1296.17 223
1296.25 219
1296.33 223
1296.41 223
1296.48 223
1296.56 219
1296.64 223
1296.72 224
1296.8 222
1296.88 219
1296.95 224
1297.03 224
1297.11 224
1297.19 220
1297.27 224
1297.34 224
1297.42 224
1297.5 221
1297.58 225
1297.66 225
1297.73 225
1297.81 221
1297.89 225
1297.97 226
1298.05 225
1298.12 221
1298.2 225
1298.28 226
1298.36 225
1298.44 222
1298.52 226
1298.59 226
1298.67 226
1298.75 223
1298.83 227
1298.91 227
1298.98 226
1299.06 223
1299.14 226
1299.22 227
1299.3 227
1299.38 224
1299.45 227
1299.53 228
1299.61 228
1299.69 224
1299.77 228
1299.84 228
1299.92 228
1300 225
1300.08 228
1300.16 228
1300.23 228
1300.31 225
1300.39 228
1300.47 229
1300.55 229
1300.62 226
1300.7 228
1300.78 229
1300.86 229
1300.94 226
1301.02 229
1301.09 230
1301.17 230
1301.25 226
1301.33 230
1301.41 231
1301.48 229
1301.56 227
1301.64 231
1301.72 231
1301.8 231
1301.88 227
1301.95 231
1302.03 231
1302.11 231
1302.19 228
1302.27 231
1302.34 232
1302.42 231
1302.5 229
1302.58 232
1302.66 232
1302.73 232
1302.81 229
1302.89 232
1302.97 233
1303.05 233
1303.12 229
1303.2 233
1303.28 233
1303.36 233
1303.44 230
1303.52 233
1303.59 234
1303.67 234
1303.75 230
1303.83 234
1303.91 234
1303.98 234
1304.06 231
1304.14 234
1304.22 235
1304.3 234
1304.38 231
1304.45 235
1304.53 235
1304.61 235
1304.69 231
1304.77 234
1304.84 236
1304.92 235
1305 232
1305.08 236
1305.16 236
1305.23 236
1305.31 233
1305.39 236
1305.47 237
1305.55 236
1305.62 233
1305.7 237
1305.78 237
1305.86 237
1305.94 234
1306.02 237
1306.09 238
1306.17 237
1306.25 234
1306.33 237
1306.41 238
1306.48 238
1306.56 235
1306.64 238
1306.72 239
1306.8 238
1306.88 235
1306.95 238
1307.03 239
1307.11 239
1307.19 236
1307.27 239
1307.34 239
1307.42 239
1307.5 236
1307.58 239
1307.66 240
1307.73 240
1307.81 237
1307.89 240
1307.97 240
1308.05 240
1308.12 237
1308.2 241
1308.28 241
1308.36 241
1308.44 238
1308.52 241
1308.59 241
1308.67 241
1308.75 238
1308.83 241
1308.91 242
1308.98 241
1309.06 239
1309.14 242
1309.22 242
1309.3 242
1309.38 239
1309.45 242
1309.53 243
1309.61 242
1309.69 240
1309.77 243
1309.84 243
1309.92 243
1310 240
1310.08 243
1310.16 244
1310.23 243
1310.31 241
1310.39 244
1310.47 244
1310.55 244
1310.62 241
1310.7 244
1310.78 245
1310.86 244
1310.94 242
1311.02 245
1311.09 246
1311.17 245
1311.25 242
1311.33 245
1311.41 245
1311.48 245
1311.56 242
1311.64 246
1311.72 246
1311.8 245
1311.88 243
1311.95 246
1312.03 246
1312.11 246
1312.19 243
1312.27 246
1312.34 247
1312.42 246
1312.5 244
1312.58 247
1312.66 247
1312.73 246
1312.81 244
1312.89 247
1312.97 248
1313.05 247
1313.12 244
1313.2 247
1313.28 248
1313.36 248
1313.44 245
1313.52 248
1313.59 249
1313.67 248
1313.75 245
1313.83 248
1313.91 249
1313.98 248
1314.06 246
1314.14 249
1314.22 249
1314.3 249
1314.38 246
1314.45 249
1314.53 249
1314.61 249
1314.69 247
1314.77 249
1314.84 250
1314.92 249
1315 247
1315.08 250
1315.16 250
1315.23 250
1315.31 248
1315.39 250
1315.47 251
1315.55 250
1315.62 248
1315.7 250
1315.78 252
1315.86 251
1315.94 249
1316.02 251
1316.09 252
1316.17 251
1316.25 249
1316.33 251
1316.41 252
1316.48 252
1316.56 249
1316.64 252
1316.72 252
1316.8 252
1316.88 250
1316.95 253
1317.03 253
1317.11 252
1317.19 250
1317.27 253
1317.34 253
1317.42 253
1317.5 251
1317.58 254
1317.66 254
1317.73 254
1317.81 251
1317.89 254
1317.97 254
1318.05 254
1318.12 251
1318.2 255
1318.28 255
1318.36 255
1318.44 252
1318.52 254
1318.59 256
1318.67 255
1318.75 253
1318.83 255
1318.91 256
1318.98 255
1319.06 253
1319.14 256
1319.22 256
1319.3 256
1319.38 254
1319.45 256
1319.53 257
1319.61 256
1319.69 254
1319.77 257
1319.84 257
1319.92 257
1320 255
1320.08 257
1320.16 257
1320.23 257
1320.31 255
1320.39 258
1320.47 258
1320.55 258
1320.62 256
1320.7 258
1320.78 259
1320.86 258
1320.94 256
1321.02 258
1321.09 259
1321.17 259
1321.25 256
1321.33 259
1321.41 260
1321.48 259
1321.56 257
1321.64 259
1321.72 260
1321.8 260
1321.88 257
1321.95 260
1322.03 260
1322.11 260
1322.19 258
1322.27 260
1322.34 261
1322.42 260
1322.5 258
1322.58 261
1322.66 262
1322.73 261
1322.81 259
1322.89 261
1322.97 262
1323.05 262
1323.12 259
1323.2 262
1323.28 262
1323.36 262
1323.44 260
1323.52 262
1323.59 263
1323.67 262
1323.75 260
1323.83 263
1323.91 263
1323.98 263
1324.06 261
1324.14 263
1324.22 264
1324.3 263
1324.38 261
1324.45 264
1324.53 264
1324.61 264
1324.69 262
1324.77 264
1324.84 265
1324.92 264
1325 262
1325.08 264
1325.16 265
1325.23 265
1325.31 263
1325.39 264
1325.47 265
1325.55 265
1325.62 263
1325.7 265
1325.78 266
1325.86 265
1325.94 264
1326.02 266
1326.09 266
1326.17 266
1326.25 264
1326.33 266
1326.41 267
1326.48 266
1326.56 264
1326.64 266
1326.72 267
1326.8 267
1326.88 265
1326.95 267
1327.03 268
1327.11 267
1327.19 265
1327.27 267
1327.34 268
1327.42 267
1327.5 266
1327.58 268
1327.66 268
1327.73 268
1327.81 266
1327.89 267
1327.97 269
1328.05 268
1328.12 266
1328.2 268
1328.28 269
1328.36 268
1328.44 267
1328.52 268
1328.59 269
1328.67 268
1328.75 267
1328.83 268
1328.91 270
1328.98 268
1329.06 268
1329.14 270
1329.22 270
1329.3 270
1329.38 268
1329.45 270
1329.53 271
1329.61 270
1329.69 269
1329.77 270
1329.84 271
1329.92 271
1330 269
1330.08 271
1330.16 271
1330.23 270
1330.31 269
1330.39 271
1330.47 272
1330.55 271
1330.62 270
1330.7 271
1330.78 272
1330.86 271
1330.94 270
1331.02 272
1331.09 272
1331.17 272
1331.25 271
1331.33 273
1331.41 273
1331.48 273
1331.56 271
1331.64 273
1331.72 274
1331.8 273
1331.88 272
1331.95 273
1332.03 274
1332.11 274
1332.19 272
1332.27 274
1332.34 274
1332.42 274
1332.5 273
1332.58 274
1332.66 275
1332.73 274
1332.81 273
1332.89 275
1332.97 275
1333.05 275
1333.12 273
1333.2 275
1333.28 276
1333.36 275
1333.44 274
1333.52 276
1333.59 276
1333.67 276
1333.75 274
1333.83 276
1333.91 277
1333.98 276
1334.06 275
1334.14 277
1334.22 277
1334.3 277
1334.38 275
1334.45 277
1334.53 278
1334.61 277
1334.69 276
1334.77 278
1334.84 278
1334.92 278
1335 276
1335.08 278
1335.16 278
1335.23 278
1335.31 277
1335.39 278
1335.47 279
1335.55 279
1335.62 277
1335.7 279
1335.78 279
1335.86 279
1335.94 278
1336.02 279
1336.09 280
1336.17 280
1336.25 278
1336.33 280
1336.41 280
1336.48 280
1336.56 279
1336.64 280
1336.72 281
1336.8 280
1336.88 279
1336.95 281
1337.03 281
1337.11 281
1337.19 280
1337.27 281
1337.34 282
1337.42 281
1337.5 280
1337.58 282
1337.66 282
1337.73 282
1337.81 280
1337.89 282
1337.97 282
1338.05 282
1338.12 281
1338.2 283
1338.28 283
1338.36 283
1338.44 281
1338.52 283
1338.59 283
1338.67 283
1338.75 282
1338.83 283
1338.91 284
1338.98 284
1339.06 282
1339.14 284
1339.22 284
1339.3 284
1339.38 283
1339.45 284
1339.53 285
1339.61 285
1339.69 283
1339.77 285
1339.84 285
1339.92 285
1340 283
1340.08 285
1340.16 286
1340.23 285
1340.31 284
1340.39 286
1340.47 286
1340.55 286
1340.62 284
1340.7 286
1340.78 287
1340.86 286
1340.94 285
1341.02 287
1341.09 287
1341.17 286
1341.25 285
1341.33 287
1341.41 288
1341.48 287
1341.56 286
1341.64 287
1341.72 287
1341.8 288
1341.88 286
1341.95 288
1342.03 288
1342.11 288
1342.19 287
1342.27 288
1342.34 289
1342.42 288
1342.5 287
1342.58 289
1342.66 289
1342.73 289
1342.81 288
1342.89 289
1342.97 290
1343.05 289
1343.12 288
1343.2 289
1343.28 290
1343.36 290
1343.44 288
1343.52 290
1343.59 290
1343.67 290
1343.75 289
1343.83 290
1343.91 291
1343.98 290
1344.06 289
1344.14 291
1344.22 291
1344.3 291
1344.38 290
1344.45 291
1344.53 291
1344.61 291
1344.69 290
1344.77 291
1344.84 291
1344.92 291
1345 290
1345.08 291
1345.16 292
1345.23 292
1345.31 291
1345.39 292
1345.47 292
1345.55 292
1345.62 291
1345.7 293
1345.78 293
1345.86 293
1345.94 292
1346.02 293
1346.09 293
1346.17 293
1346.25 292
1346.33 293
1346.41 294
1346.48 293
1346.56 293
1346.64 294
1346.72 294
1346.8 294
1346.88 293
1346.95 294
1347.03 295
1347.11 294
1347.19 294
1347.27 294
1347.34 295
1347.42 295
1347.5 294
1347.58 295
1347.66 295
1347.73 295
1347.81 294
1347.89 295
1347.97 296
1348.05 296
1348.12 294
1348.2 295
1348.28 296
1348.36 295
1348.44 294
1348.52 295
1348.59 296
1348.67 295
1348.75 294
1348.83 296
1348.91 296
1348.98 295
1349.06 294
1349.14 295
1349.22 296
1349.3 295
1349.38 294
1349.45 296
1349.53 296
1349.61 295
1349.69 294
1349.77 296
1349.84 296
1349.92 295
1350 294
1350.08 295
1350.16 296
1350.23 295
1350.31 295
1350.39 295
1350.47 296
1350.55 295
1350.62 295
1350.7 295
1350.78 296
1350.86 295
1350.94 294
1351.02 296
1351.09 296
1351.17 295
1351.25 295
1351.33 295
1351.41 296
1351.48 296
1351.56 294
1351.64 296
1351.72 296
1351.8 295
1351.88 295
1351.95 296
1352.03 296
1352.11 295
1352.19 295
1352.27 296
1352.34 296
1352.42 296
1352.5 295
1352.58 295
1352.66 296
1352.73 296
1352.81 294
1352.89 296
1352.97 296
1353.05 296
1353.12 295
1353.2 296
1353.28 296
1353.36 296
1353.44 295
1353.52 296
1353.59 296
1353.67 296
1353.75 295
1353.83 296
1353.91 296
1353.98 296
1354.06 295
1354.14 296
1354.22 296
1354.3 296
1354.38 295
1354.45 296
1354.53 296
1354.61 296
1354.69 295
1354.77 295
1354.84 296
1354.92 295
1355 295
1355.08 296
1355.16 296
1355.23 296
1355.31 295
1355.39 296
1355.47 296
1355.55 296
1355.62 294
1355.7 295
1355.78 296
1355.86 296
1355.94 295
1356.02 296
1356.09 296
1356.17 296
1356.25 295
1356.33 296
1356.41 296
1356.48 296
1356.56 295
1356.64 295
1356.72 296
1356.8 296
1356.88 295
1356.95 296
1357.03 296
1357.11 295
1357.19 295
1357.27 296
1357.34 296
1357.42 296
1357.5 294
1357.58 295
1357.66 296
1357.73 296
1357.81 295
1357.89 296
1357.97 296
1358.05 296
1358.12 295
1358.2 296
1358.28 296
1358.36 296
1358.44 295
1358.52 296
1358.59 296
1358.67 295
1358.75 294
1358.83 296
1358.91 296
1358.98 296
1359.06 295
1359.14 296
1359.22 296
1359.3 296
1359.38 295
1359.45 296
1359.53 296
1359.61 296
1359.69 295
1359.77 295
1359.84 296
1359.92 295
1360 295
1360.08 296
1360.16 296
1360.23 296
1360.31 295
1360.39 296
1360.47 296
1360.55 296
1360.62 295
1360.7 296
1360.78 297
1360.86 297
1360.94 296
1361.02 297
1361.09 297
1361.17 297
1361.25 296
1361.33 297
1361.41 297
1361.48 297
1361.56 297
1361.64 298
1361.72 298
1361.8 298
1361.88 297
1361.95 298
1362.03 298
1362.11 298
1362.19 298
1362.27 299
1362.34 299
1362.42 299
1362.5 298
1362.58 299
1362.66 299
1362.73 299
1362.81 299
1362.89 299
1362.97 299
1363.05 300
1363.12 299
1363.2 300
1363.28 300
1363.36 300
1363.44 299
1363.52 300
1363.59 300
1363.67 300
1363.75 300
1363.83 301
1363.91 301
1363.98 301
1364.06 300
1364.14 301
1364.22 301
1364.3 301
1364.38 300
1364.45 301
1364.53 301
1364.61 301
1364.69 300
1364.77 301
1364.84 301
1364.92 301
1365 300
1365.08 301
1365.16 301
1365.23 301
1365.31 300
1365.39 301
1365.47 301
1365.55 301
1365.62 300
1365.7 301
1365.78 301
1365.86 301
1365.94 300
1366.02 301
1366.09 301
1366.17 301
1366.25 300
1366.33 301
1366.41 301
1366.48 301
1366.56 300
1366.64 301
1366.72 301
1366.8 301
1366.88 300
1366.95 301
1367.03 301
1367.11 301
1367.19 300
1367.27 301
1367.34 301
1367.42 301
1367.5 300
1367.58 301
1367.66 301
1367.73 301
1367.81 300
1367.89 301
1367.97 301
1368.05 301
1368.12 300
1368.2 301
1368.28 301
1368.36 301
1368.44 300
1368.52 301
1368.59 301
1368.67 301
1368.75 300
1368.83 301
1368.91 301
1368.98 301
1369.06 300
1369.14 301
1369.22 301
1369.3 301
1369.38 300
1369.45 301
1369.53 301
1369.61 301
1369.69 300
1369.77 301
1369.84 301
1369.92 301
1370 300
1370.08 301
1370.16 301
1370.23 301
1370.31 300
1370.39 301
1370.47 301
1370.55 301
1370.62 300
1370.7 301
1370.78 301
1370.86 301
1370.94 300
1371.02 301
1371.09 301
1371.17 301
1371.25 300
1371.33 301
1371.41 301
1371.48 301
1371.56 300
1371.64 301
1371.72 301
1371.8 301
1371.88 300
1371.95 301
1372.03 301
1372.11 301
1372.19 300
1372.27 301
1372.34 301
1372.42 301
1372.5 300
1372.58 301
1372.66 301
1372.73 301
1372.81 300
1372.89 301
1372.97 301
1373.05 301
1373.12 300
1373.2 301
1373.28 301
1373.36 301
1373.44 300
1373.52 301
1373.59 301
1373.67 301
1373.75 300
1373.83 301
1373.91 301
1373.98 301
1374.06 300
1374.14 301
1374.22 301
1374.3 301
1374.38 300
1374.45 301
1374.53 301
1374.61 301
1374.69 300
1374.77 301
1374.84 301
1374.92 301
1375 300
1375.08 301
1375.16 301
1375.23 301
1375.31 300
1375.39 301
1375.47 301
1375.55 301
1375.62 300
1375.7 301
1375.78 301
1375.86 301
1375.94 300
1376.02 301
1376.09 301
1376.17 301
1376.25 300
1376.33 301
1376.41 301
1376.48 301
1376.56 301
1376.64 302
1376.72 302
1376.8 302
1376.88 301
1376.95 302
1377.03 302
1377.11 302
1377.19 302
1377.27 302
1377.34 303
1377.42 303
1377.5 302
1377.58 303
1377.66 303
1377.73 303
1377.81 303
1377.89 303
1377.97 303
1378.05 304
1378.12 303
1378.2 304
1378.28 304
1378.36 304
1378.44 303
1378.52 304
1378.59 304
1378.67 304
1378.75 304
1378.83 305
1378.91 305
1378.98 305
1379.06 304
1379.14 305
1379.22 305
1379.3 305
1379.38 305
1379.45 305
1379.53 305
1379.61 305
1379.69 305
1379.77 305
1379.84 306
1379.92 306
1380 305
1380.08 306
1380.16 306
1380.23 306
1380.31 305
1380.39 306
1380.47 306
1380.55 306
1380.62 305
1380.7 306
1380.78 306
1380.86 306
1380.94 305
1381.02 306
1381.09 306
1381.17 306
1381.25 305
1381.33 306
1381.41 306
1381.48 306
1381.56 305
1381.64 306
1381.72 306
1381.8 306
1381.88 305
1381.95 306
1382.03 306
1382.11 306
1382.19 305
1382.27 306
1382.34 306
1382.42 306
1382.5 305
1382.58 306
1382.66 306
1382.73 306
1382.81 305
1382.89 306
1382.97 306
1383.05 306
1383.12 305
1383.2 306
1383.28 306
1383.36 306
1383.44 305
1383.52 306
1383.59 306
1383.67 306
1383.75 305
1383.83 306
1383.91 306
1383.98 306
1384.06 305
1384.14 306
1384.22 306
1384.3 306
1384.38 305
1384.45 306
1384.53 306
1384.61 306
1384.69 305
1384.77 306
1384.84 306
1384.92 306
1385 305
1385.08 306
1385.16 306
1385.23 306
1385.31 305
1385.39 306
1385.47 306
1385.55 306
1385.62 305
1385.7 306
1385.78 306
1385.86 306
1385.94 305
1386.02 306
1386.09 306
1386.17 306
1386.25 305
1386.33 306
1386.41 306
1386.48 306
1386.56 305
1386.64 306
1386.72 306
1386.8 306
1386.88 305
1386.95 306
1387.03 306
1387.11 306
1387.19 305
1387.27 306
1387.34 306
1387.42 306
1387.5 305
1387.58 306
1387.66 306
1387.73 306
1387.81 305
1387.89 306
1387.97 306
1388.05 306
1388.12 305
1388.2 306
1388.28 306
1388.36 306
1388.44 305
1388.52 306
1388.59 306
1388.67 306
1388.75 305
1388.83 306
1388.91 306
1388.98 306
1389.06 305
1389.14 306
1389.22 306
1389.3 306
1389.38 305
1389.45 306
1389.53 306
1389.61 306
1389.69 305
1389.77 306
1389.84 306
1389.92 306
1390 305
1390.08 306
1390.16 306
1390.23 306
1390.31 305
1390.39 306
1390.47 306
1390.55 306
1390.62 305
1390.7 306
1390.78 306
1390.86 306
1390.94 305
1391.02 306
1391.09 306
1391.17 306
1391.25 305
1391.33 306
1391.41 306
1391.48 306
1391.56 305
1391.64 306
1391.72 306
1391.8 306
1391.88 305
1391.95 306
1392.03 306
1392.11 306
1392.19 306
1392.27 306
1392.34 306
1392.42 306
1392.5 306
1392.58 306
1392.66 307
1392.73 307
1392.81 307
1392.89 307
1392.97 307
1393.05 307
1393.12 307
1393.2 307
1393.28 307
1393.36 307
1393.44 307
1393.52 308
1393.59 308
1393.67 308
1393.75 308
1393.83 308
1393.91 308
1393.98 308
1394.06 308
1394.14 308
1394.22 309
1394.3 309
1394.38 309
1394.45 309
1394.53 309
1394.61 309
1394.69 309
1394.77 309
1394.84 309
1394.92 310
1395 309
1395.08 310
1395.16 310
1395.23 310
1395.31 310
1395.39 310
1395.47 310
1395.55 310
1395.62 310
1395.7 310
1395.78 310
1395.86 311
1395.94 311
1396.02 311
1396.09 311
1396.17 311
1396.25 311
1396.33 311
1396.41 311
1396.48 311
1396.56 311
1396.64 311
1396.72 311
1396.8 311
1396.88 311
1396.95 311
1397.03 311
1397.11 311
1397.19 311
1397.27 311
1397.34 311
1397.42 311
1397.5 311
1397.58 311
1397.66 311
1397.73 311
1397.81 311
1397.89 311
1397.97 311
1398.05 311
1398.12 311
1398.2 311
1398.28 311
1398.36 311
1398.44 311
1398.52 311
1398.59 311
1398.67 311
1398.75 311
1398.83 311
1398.91 311
1398.98 311
1399.06 311
1399.14 311
1399.22 311
1399.3 311
1399.38 311
1399.45 311
1399.53 311
1399.61 311
1399.69 311
1399.77 311
1399.84 311
1399.92 311
1400 311
1400.08 311
1400.16 311
1400.23 311
1400.31 311
1400.39 311
1400.47 311
1400.55 311
1400.62 311
1400.7 311
1400.78 311
1400.86 311
1400.94 311
1401.02 311
1401.09 311
1401.17 311
1401.25 311
1401.33 311
1401.41 311
1401.48 311
1401.56 311
1401.64 311
1401.72 311
1401.8 311
1401.88 311
1401.95 311
1402.03 311
1402.11 311
1402.19 311
1402.27 311
1402.34 311
1402.42 311
1402.5 311
1402.58 311
1402.66 311
1402.73 311
1402.81 311
1402.89 311
1402.97 311
1403.05 311
1403.12 311
1403.2 311
1403.28 311
1403.36 311
1403.44 311
1403.52 311
1403.59 311
1403.67 311
1403.75 311
1403.83 311
1403.91 311
1403.98 311
1404.06 311
1404.14 311
1404.22 311
1404.3 311
1404.38 311
1404.45 311
1404.53 311
1404.61 311
1404.69 311
1404.77 311
1404.84 311
1404.92 311
1405 311
1405.08 311
1405.16 311
1405.23 311
1405.31 311
1405.39 311
1405.47 311
1405.55 311
1405.62 311
1405.7 311
1405.78 311
1405.86 311
1405.94 311
1406.02 311
1406.09 311
1406.17 311
1406.25 311
1406.33 311
1406.41 311
1406.48 311
1406.56 311
1406.64 311
1406.72 311
1406.8 311
1406.88 311
1406.95 311
1407.03 311
1407.11 311
1407.19 311
1407.27 311
1407.34 311
1407.42 311
1407.5 311
1407.58 311
1407.66 311
1407.73 311
1407.81 311
1407.89 311
1407.97 311
1408.05 311
1408.12 311
1408.2 311
1408.28 311
1408.36 311
1408.44 311
1408.52 311
1408.59 311
1408.67 311
1408.75 311
1408.83 311
1408.91 311
1408.98 311
1409.06 311
1409.14 311
1409.22 311
1409.3 311
1409.38 311
1409.45 311
1409.53 311
1409.61 311
1409.69 311
1409.77 311
1409.84 311
1409.92 311
1410 311
1410.08 311
1410.16 311
1410.23 311
1410.31 311
1410.39 311
1410.47 311
1410.55 311
1410.62 311
1410.7 311
1410.78 311
1410.86 311
1410.94 311
1411.02 311
1411.09 311
1411.17 311
1411.25 311
1411.33 311
1411.41 311
1411.48 311
1411.56 311
1411.64 311
1411.72 311
1411.8 311
1411.88 311
1411.95 311
1412.03 311
1412.11 311
1412.19 311
1412.27 311
1412.34 311
1412.42 311
1412.5 311
1412.58 311
1412.66 311
1412.73 311
1412.81 311
1412.89 311
1412.97 311
1413.05 311
1413.12 311
1413.2 311
1413.28 311
1413.36 311
1413.44 311
1413.52 311
1413.59 311
1413.67 311
1413.75 311
1413.83 311
1413.91 311
1413.98 311
1414.06 311
1414.14 311
1414.22 311
1414.3 311
1414.38 311
1414.45 311
1414.53 311
1414.61 311
1414.69 311
1414.77 311
1414.84 311
1414.92 311
1415 311
1415.08 311
1415.16 311
1415.23 311
1415.31 311
1415.39 311
1415.47 311
1415.55 311
1415.62 311
1415.7 311
1415.78 311
1415.86 311
1415.94 311
1416.02 311
1416.09 311
1416.17 311
1416.25 311
1416.33 311
1416.41 311
1416.48 311
1416.56 311
1416.64 311
1416.72 311
1416.8 311
1416.88 311
1416.95 311
1417.03 311
1417.11 311
1417.19 311
1417.27 311
1417.34 311
1417.42 311
1417.5 311
1417.58 311
1417.66 311
1417.73 311
1417.81 311
1417.89 311
1417.97 311
1418.05 311
1418.12 311
1418.2 311
1418.28 311
1418.36 311
1418.44 311
1418.52 311
1418.59 311
1418.67 311
1418.75 311
1418.83 311
1418.91 311
1418.98 311
1419.06 311
1419.14 311
1419.22 311
1419.3 311
1419.38 311
1419.45 311
1419.53 311
1419.61 311
1419.69 311
1419.77 311
1419.84 311
1419.92 311
1420 311
1420.08 311
1420.16 311
1420.23 311
1420.31 311
1420.39 311
1420.47 311
1420.55 311
1420.62 311
1420.7 311
1420.78 311
1420.86 311
1420.94 311
1421.02 311
1421.09 311
1421.17 311
1421.25 311
1421.33 311
1421.41 311
1421.48 311
1421.56 311
1421.64 311
1421.72 311
1421.8 311
1421.88 311
1421.95 311
1422.03 311
1422.11 311
1422.19 311
1422.27 311
1422.34 311
1422.42 311
1422.5 311
1422.58 311
1422.66 311
1422.73 311
1422.81 311
1422.89 311
1422.97 311
1423.05 311
1423.12 311
1423.2 311
1423.28 311
1423.36 311
1423.44 311
1423.52 311
1423.59 311
1423.67 311
1423.75 311
1423.83 311
1423.91 311
1423.98 311
1424.06 311
1424.14 311
1424.22 311
1424.3 311
1424.38 311
1424.45 311
1424.53 311
1424.61 311
1424.69 311
1424.77 311
1424.84 311
1424.92 311
1425 311
1425.08 311
1425.16 311
1425.23 311
1425.31 311
1425.39 311
1425.47 311
1425.55 311
1425.62 311
1425.7 311
1425.78 311
1425.86 311
1425.94 311
1426.02 311
1426.09 311
1426.17 311
1426.25 311
1426.33 311
1426.41 311
1426.48 311
1426.56 311
1426.64 311
1426.72 311
1426.8 311
1426.88 311
1426.95 311
1427.03 311
1427.11 311
1427.19 311
1427.27 311
1427.34 311
1427.42 311
1427.5 311
1427.58 311
1427.66 311
1427.73 311
1427.81 311
1427.89 311
1427.97 311
1428.05 311
1428.12 311
1428.2 311
1428.28 311
1428.36 311
1428.44 311
1428.52 311
1428.59 311
1428.67 311
1428.75 311
1428.83 311
1428.91 311
1428.98 311
1429.06 311
1429.14 311
1429.22 311
1429.3 311
1429.38 311
1429.45 311
1429.53 311
1429.61 311
1429.69 311
1429.77 311
1429.84 311
1429.92 311
1430 311
1430.08 311
1430.16 311
1430.23 311
1430.31 311
1430.39 311
1430.47 311
1430.55 311
1430.62 311
1430.7 311
1430.78 311
1430.86 311
1430.94 311
1431.02 311
1431.09 311
1431.17 311
1431.25 311
1431.33 311
1431.41 311
1431.48 311
1431.56 311
1431.64 311
1431.72 311
1431.8 311
1431.88 311
1431.95 311
1432.03 311
1432.11 311
1432.19 311
1432.27 311
1432.34 311
1432.42 311
1432.5 311
1432.58 311
1432.66 311
1432.73 311
1432.81 311
1432.89 311
1432.97 311
1433.05 311
1433.12 311
1433.2 311
1433.28 311
1433.36 311
1433.44 311
1433.52 311
1433.59 311
1433.67 311
1433.75 311
1433.83 311
1433.91 311
1433.98 311
1434.06 311
1434.14 311
1434.22 311
1434.3 311
1434.38 311
1434.45 311
1434.53 311
1434.61 311
1434.69 311
1434.77 311
1434.84 311
1434.92 311
1435 311
1435.08 311
1435.16 311
1435.23 311
1435.31 311
1435.39 311
1435.47 311
1435.55 311
1435.62 311
1435.7 311
1435.78 311
1435.86 311
1435.94 311
1436.02 311
1436.09 311
1436.17 311
1436.25 311
1436.33 311
1436.41 311
1436.48 311
1436.56 311
1436.64 311
1436.72 311
1436.8 311
1436.88 311
1436.95 311
1437.03 311
1437.11 311
1437.19 311
1437.27 311
1437.34 311
1437.42 311
1437.5 311
1437.58 311
1437.66 311
1437.73 311
1437.81 311
1437.89 311
1437.97 311
1438.05 311
1438.12 311
1438.2 311
1438.28 311
1438.36 311
1438.44 311
1438.52 311
1438.59 311
1438.67 311
1438.75 311
1438.83 311
1438.91 311
1438.98 311
1439.06 311
1439.14 311
1439.22 311
1439.3 311
1439.38 311
1439.45 311
1439.53 311
1439.61 311
1439.69 311
1439.77 311
1439.84 311
1439.92 311
1440 311
1440.08 311
1440.16 311
1440.23 311
1440.31 311
1440.39 311
1440.47 311
1440.55 311
1440.62 311
1440.7 311
1440.78 311
1440.86 311
1440.94 311
1441.02 311
1441.09 311
1441.17 311
1441.25 311
1441.33 311
1441.41 311
1441.48 311
1441.56 311
1441.64 311
1441.72 311
1441.8 311
1441.88 311
1441.95 311
1442.03 311
1442.11 311
1442.19 311
1442.27 311
1442.34 311
1442.42 311
1442.5 311
1442.58 311
1442.66 311
1442.73 311
1442.81 311
1442.89 311
1442.97 311
1443.05 311
1443.12 311
1443.2 311
1443.28 311
1443.36 311
1443.44 311
1443.52 311
1443.59 311
1443.67 311
1443.75 311
1443.83 311
1443.91 311
1443.98 311
1444.06 311
1444.14 311
1444.22 311
1444.3 311
1444.38 311
1444.45 311
1444.53 311
1444.61 311
1444.69 311
1444.77 311
1444.84 311
1444.92 311
1445 311
1445.08 311
1445.16 311
1445.23 311
1445.31 311
1445.39 311
1445.47 311
1445.55 311
1445.62 311
1445.7 311
1445.78 311
1445.86 311
1445.94 311
1446.02 311
1446.09 311
1446.17 311
1446.25 311
1446.33 311
1446.41 311
1446.48 311
1446.56 311
1446.64 311
1446.72 311
1446.8 311
1446.88 311
1446.95 311
1447.03 311
1447.11 311
1447.19 311
1447.27 311
1447.34 311
1447.42 311
1447.5 311
1447.58 311
1447.66 311
1447.73 311
1447.81 311
1447.89 311
1447.97 311
1448.05 311
1448.12 311
1448.2 311
1448.28 311
1448.36 311
1448.44 311
1448.52 311
1448.59 311
1448.67 311
1448.75 311
1448.83 311
1448.91 311
1448.98 311
1449.06 311
1449.14 311
1449.22 311
1449.3 311
1449.38 311
1449.45 311
1449.53 311
1449.61 311
1449.69 311
1449.77 311
1449.84 311
1449.92 311
1450 311
1450.08 311
1450.16 311
1450.23 311
1450.31 311
1450.39 311
1450.47 311
1450.55 311
1450.62 311
1450.7 311
1450.78 311
1450.86 311
1450.94 311
1451.02 311
1451.09 311
1451.17 311
1451.25 311
1451.33 311
1451.41 311
1451.48 311
1451.56 311
1451.64 311
1451.72 311
1451.8 311
1451.88 311
1451.95 311
1452.03 311
1452.11 311
1452.19 311
1452.27 311
1452.34 311
1452.42 311
1452.5 311
1452.58 311
1452.66 311
1452.73 311
1452.81 311
1452.89 311
1452.97 311
1453.05 311
1453.12 311
1453.2 311
1453.28 311
1453.36 311
1453.44 311
1453.52 311
1453.59 311
1453.67 311
1453.75 311
1453.83 311
1453.91 311
1453.98 311
1454.06 311
1454.14 311
1454.22 311
1454.3 311
1454.38 311
1454.45 311
1454.53 311
1454.61 311
1454.69 311
1454.77 311
1454.84 311
1454.92 311
1455 311
1455.08 311
1455.16 311
1455.23 311
1455.31 311
1455.39 311
1455.47 311
1455.55 311
1455.62 311
1455.7 311
1455.78 311
1455.86 311
1455.94 311
1456.02 311
1456.09 311
1456.17 311
1456.25 311
1456.33 311
1456.41 311
1456.48 311
1456.56 311
1456.64 311
1456.72 311
1456.8 311
1456.88 311
1456.95 311
1457.03 311
1457.11 311
1457.19 311
1457.27 311
1457.34 311
1457.42 311
1457.5 311
1457.58 311
1457.66 311
1457.73 311
1457.81 311
1457.89 311
1457.97 311
1458.05 311
1458.12 311
1458.2 311
1458.28 311
1458.36 311
1458.44 311
1458.52 311
1458.59 311
1458.67 311
1458.75 311
1458.83 311
1458.91 311
1458.98 311
1459.06 311
1459.14 311
1459.22 311
1459.3 311
1459.38 311
1459.45 311
1459.53 311
1459.61 311
1459.69 311
1459.77 311
1459.84 311
1459.92 311
1460 311
1460.08 311
1460.16 311
1460.23 311
1460.31 311
1460.39 311
1460.47 311
1460.55 311
1460.62 311
1460.7 311
1460.78 311
1460.86 311
1460.94 311
1461.02 311
1461.09 311
1461.17 311
1461.25 311
1461.33 311
1461.41 311
1461.48 311
1461.56 311
1461.64 311
1461.72 311
1461.8 311
1461.88 311
1461.95 311
1462.03 311
1462.11 311
1462.19 311
1462.27 311
1462.34 311
1462.42 311
1462.5 311
1462.58 311
1462.66 311
1462.73 311
1462.81 311
1462.89 311
1462.97 311
1463.05 311
1463.12 311
1463.2 311
1463.28 311
1463.36 311
1463.44 311
1463.52 311
1463.59 311
1463.67 311
1463.75 311
1463.83 311
1463.91 311
1463.98 311
1464.06 311
1464.14 311
1464.22 311
1464.3 311
1464.38 311
1464.45 311
1464.53 311
1464.61 311
1464.69 311
1464.77 311
1464.84 311
1464.92 311
1465 311
1465.08 311
1465.16 311
1465.23 311
1465.31 311
1465.39 311
1465.47 311
1465.55 311
1465.62 311
1465.7 311
1465.78 311
1465.86 311
1465.94 311
1466.02 311
1466.09 311
1466.17 311
1466.25 311
1466.33 311
1466.41 311
1466.48 311
1466.56 311
1466.64 311
1466.72 311
1466.8 311
1466.88 311
1466.95 311
1467.03 311
1467.11 311
1467.19 311
1467.27 311
1467.34 311
1467.42 311
1467.5 311
1467.58 311
1467.66 311
1467.73 311
1467.81 311
1467.89 311
1467.97 311
1468.05 311
1468.12 311
1468.2 311
1468.28 311
1468.36 311
1468.44 311
1468.52 311
1468.59 311
1468.67 311
1468.75 311
1468.83 311
1468.91 311
1468.98 311
1469.06 311
1469.14 311
1469.22 311
1469.3 311
1469.38 311
1469.45 311
1469.53 311
1469.61 311
1469.69 311
1469.77 311
1469.84 311
1469.92 311
1470 311
1470.08 311
1470.16 311
1470.23 311
1470.31 311
1470.39 311
1470.47 311
1470.55 311
1470.62 311
1470.7 311
1470.78 311
1470.86 311
1470.94 311
1471.02 311
1471.09 311
1471.17 311
1471.25 311
1471.33 311
1471.41 311
1471.48 311
1471.56 311
1471.64 311
1471.72 311
1471.8 311
1471.88 311
1471.95 311
1472.03 311
1472.11 311
1472.19 311
1472.27 311
1472.34 311
1472.42 311
1472.5 311
1472.58 311
1472.66 311
1472.73 311
1472.81 311
1472.89 311
1472.97 311
1473.05 311
1473.12 311
1473.2 311
1473.28 311
1473.36 311
1473.44 311
1473.52 311
1473.59 311
1473.67 311
1473.75 311
1473.83 311
1473.91 311
1473.98 311
1474.06 311
1474.14 311
1474.22 311
1474.3 311
1474.38 311
1474.45 311
1474.53 311
1474.61 311
1474.69 311
1474.77 311
1474.84 311
1474.92 311
1475 311
1475.08 311
1475.16 311
1475.23 311
1475.31 311
1475.39 311
1475.47 311
1475.55 311
1475.62 311
1475.7 311
1475.78 311
1475.86 311
1475.94 311
1476.02 311
1476.09 311
1476.17 311
1476.25 311
1476.33 311
1476.41 311
1476.48 311
1476.56 311
1476.64 311
1476.72 311
1476.8 311
1476.88 311
1476.95 311
1477.03 311
1477.11 311
1477.19 311
1477.27 311
1477.34 311
1477.42 311
1477.5 311
1477.58 311
1477.66 311
1477.73 311
1477.81 311
1477.89 311
1477.97 311
1478.05 311
1478.12 311
1478.2 311
1478.28 311
1478.36 311
1478.44 311
1478.52 311
1478.59 311
1478.67 311
1478.75 311
1478.83 311
1478.91 311
1478.98 311
1479.06 311
1479.14 311
1479.22 311
1479.3 311
1479.38 311
1479.45 311
1479.53 311
1479.61 311
1479.69 311
1479.77 311
1479.84 311
1479.92 311
1480 311
1480.08 311
1480.16 311
1480.23 311
1480.31 311
1480.39 311
1480.47 311
1480.55 311
1480.62 311
1480.7 311
1480.78 311
1480.86 311
1480.94 311
1481.02 311
1481.09 311
1481.17 311
1481.25 311
1481.33 311
1481.41 311
1481.48 311
1481.56 311
1481.64 311
1481.72 311
1481.8 311
1481.88 311
1481.95 311
1482.03 311
1482.11 311
1482.19 311
1482.27 311
1482.34 311
1482.42 311
1482.5 311
1482.58 311
1482.66 311
1482.73 311
1482.81 311
1482.89 311
1482.97 311
1483.05 311
1483.12 311
1483.2 311
1483.28 311
1483.36 311
1483.44 311
1483.52 311
1483.59 311
1483.67 311
1483.75 311
1483.83 311
1483.91 311
1483.98 311
1484.06 311
1484.14 311
1484.22 311
1484.3 311
1484.38 311
1484.45 311
1484.53 311
1484.61 311
1484.69 311
1484.77 311
1484.84 311
1484.92 311
1485 311
1485.08 311
1485.16 311
1485.23 311
1485.31 311
1485.39 311
1485.47 311
1485.55 311
1485.62 311
1485.7 311
1485.78 311
1485.86 311
1485.94 311
1486.02 311
1486.09 311
1486.17 311
1486.25 311
1486.33 311
1486.41 311
1486.48 311
1486.56 311
1486.64 311
1486.72 311
1486.8 311
1486.88 311
1486.95 311
1487.03 311
1487.11 311
1487.19 311
1487.27 311
1487.34 311
1487.42 311
1487.5 311
1487.58 311
1487.66 311
1487.73 311
1487.81 311
1487.89 311
