16 110
32 149
48 167
64 178
80 185
96 191
112 195
128 198
144 200
160 202
176 204
192 206
208 207
224 208
240 209
256 209
272 210
288 211
304 211
320 212
336 212
352 213
368 213
384 214
400 214
416 214
432 215
448 215
464 215
480 215
496 216
512 216
528 216
544 216
560 216
576 217
592 217
608 217
624 217
640 217
656 217
672 217
688 217
704 218
720 218
736 218
752 218
768 218
784 218
800 218
816 218
832 218
848 218
864 219
880 219
896 219
912 219
928 219
944 219
960 219
976 219
992 219
1008 219
1024 219
